"60,860715,29,2,590,I ,014,  ,      ,   ,   ,   ,   ,TL,  ,TE,07, , ,020,0  ,   ,   ,   ,   ,   ,   ,  ,24,00069446,01, , 342,30799,  , , , ,002, 4,  ,    ,"
"60,860715,29,2,590,I ,014,  ,      ,   ,   ,   ,   ,TL,  ,TE,07, , ,020,0  ,   ,   ,   ,   ,   ,   ,  ,24,00069446,02, , 395,30798,  , , , ,002, 4,  ,    ,"
"59,860715,29,2,590,I ,014,  ,      ,   ,   ,   ,   ,TL,  ,TE,07, , ,080,0  ,   ,   ,   ,   ,   ,   ,  ,24,00069447,01, , 472,30750,  , , , ,002, 4,  ,    ,"
"59,860715,29,2,590,I ,014,  ,      ,   ,   ,   ,   ,TL,  ,TE,07, , ,080,0  ,   ,   ,   ,   ,   ,   ,  ,24,00069447,02, , 436,37406,  , , ,Y,002, 4,  ,    ,"
"58,860715,29,2,590,I ,014,  ,      ,   ,   ,   ,   ,TL,  ,TE,07, , ,101,0  ,   ,   ,   ,   ,   ,   ,  ,24,00069448,01, , 502,30751,  , , , ,002, 4,  ,    ,"
"56,860715,29,2,590,I ,014,  ,      ,   ,   ,   ,   ,TL,  ,TE,07, , ,079,0  ,   ,   ,   ,   ,   ,   ,  ,24,00069450,01, , 360,30754,  , , , ,002, 4,  ,    ,"
"56,860715,29,2,590,I ,014,  ,      ,   ,   ,   ,   ,TL,G ,TE,07, , ,079,0  ,   ,   ,   ,   ,   ,   ,OT,24,00069450,02, , 480,30755,08, ,K, ,002, 4,02,0400,"
"55,860715,29,2,590,I ,014,  ,      ,   ,   ,   ,   ,TL,  ,TE,07, , ,096,0  ,   ,   ,   ,   ,   ,   ,  ,24,00069451,01, , 370,30756,  , , , ,002, 4,  ,    ,"
"54,860715,29,2,590,I ,014,  ,      ,   ,   ,   ,   ,TL,G ,TE,07, , ,055,0  ,   ,   ,   ,   ,   ,   ,OT,24,00069452,01, , 400,30757,07, ,K, ,002, 4,02,0520,"
"53,860715,29,2,590,I ,014,  ,      ,   ,   ,   ,   ,TL,  ,TE,07, , ,006,0  ,   ,   ,   ,   ,   ,   ,  ,24,00069453,01, , 405,30758,  , , , ,002, 4,  ,    ,"
"53,860715,29,2,590,I ,014,  ,      ,   ,   ,   ,   ,TL,G ,TE,07, , ,006,0  ,   ,   ,   ,   ,   ,   ,OT,24,00069453,02, , 372,30759,06, ,K, ,002, 4,01,0360,"
"52,860715,29,2,590,I ,014,  ,      ,   ,   ,   ,   ,TL,  ,TE,07, , ,061,0  ,   ,   ,   ,   ,   ,   ,  ,24,00069454,01, , 365,30760,  , , , ,002, 4,  ,    ,"
"50,860715,29,2,590,I ,014,  ,      ,   ,   ,   ,   ,TL,  ,TE,07, , ,007,0  ,   ,   ,   ,   ,   ,   ,  ,24,00069456,02, , 459,30763,  , , , ,002, 4,  ,    ,"
"48,860715,29,2,590,I ,014,  ,      ,   ,   ,   ,   ,TL,  ,TE,07, , ,064,0  ,   ,   ,   ,   ,   ,   ,  ,24,00069458,01, , 417,30768,  , , , ,002, 4,  ,    ,"
"47,860715,29,2,590,I ,014,  ,      ,   ,   ,   ,   ,TL,G ,TE,07, , ,016,0  ,   ,   ,   ,   ,   ,   ,OT,24,00069459,01, , 370,30769,06, ,K, ,002, 4,01,0400,"
"46,860715,29,2,590,I ,014,  ,      ,   ,   ,   ,   ,TL,  ,TE,07, , ,051,0  ,   ,   ,   ,   ,   ,   ,  ,24,00069460,01, , 425,30770,  , , , ,002, 4,  ,    ,"
"82,860717,29,2,590,I ,014,  ,      ,   ,   ,   ,   ,TL,  ,TE,07, , ,080,0  ,   ,   ,   ,   ,   ,   ,  ,24,00069462,01, , 372,30834,  , , , ,002, 4,  ,    ,"
"81,860717,29,2,590,I ,014,  ,      ,   ,   ,   ,   ,TL,  ,TE,07, , ,020,0  ,   ,   ,   ,   ,   ,   ,  ,24,00069463,01, , 393,30833,  , , , ,002, 4,  ,    ,"
"80,860717,29,2,590,I ,014,  ,      ,   ,   ,   ,   ,TL,  ,TE,07, , ,092,0  ,   ,   ,   ,   ,   ,   ,  ,24,00069464,01, , 325,30831,  , , , ,002, 4,  ,    ,"
"80,860717,29,2,590,I ,014,  ,      ,   ,   ,   ,   ,TL,  ,TE,07, , ,092,0  ,   ,   ,   ,   ,   ,   ,  ,24,00069464,02, , 415,30832,  , , , ,002, 4,  ,    ,"
"79,860717,29,2,590,I ,014,  ,      ,   ,   ,   ,   ,TL,G ,TE,07, , ,067,0  ,   ,   ,   ,   ,   ,   ,OT,24,00069465,01,F, 385,30830,07, ,K, ,002, 4,02,0400,"
"78,860717,29,2,590,I ,014,  ,      ,   ,   ,   ,   ,TL,  ,TE,07, , ,017,0  ,   ,   ,   ,   ,   ,   ,  ,24,00069466,01, , 394,30829,  , , , ,002, 4,  ,    ,"
"77,860717,29,2,590,I ,014,  ,      ,   ,   ,   ,   ,TL,  ,TE,07, , ,055,0  ,   ,   ,   ,   ,   ,   ,  ,24,00069467,01, , 350,30826,  , , , ,002, 4,  ,    ,"
"77,860717,29,2,590,I ,014,  ,      ,   ,   ,   ,   ,TL,  ,TE,07, , ,055,0  ,   ,   ,   ,   ,   ,   ,  ,24,00069467,02, , 378,30827,  , , , ,002, 4,  ,    ,"
"77,860717,29,2,590,I ,014,  ,      ,   ,   ,   ,   ,TL,  ,TE,07, , ,055,0  ,   ,   ,   ,   ,   ,   ,  ,24,00069467,03, , 335,30828,  , , , ,002, 4,  ,    ,"
"69,860717,29,2,590,I ,014,  ,      ,   ,   ,   ,   ,TL,  ,TE,07, , ,035,0  ,   ,   ,   ,   ,   ,   ,  ,24,00069468,01, , 374,30817,  , , , ,002, 4,  ,    ,"
"70,860717,29,2,590,I ,014,  ,      ,   ,   ,   ,   ,TL,  ,TE,07, , ,016,0  ,   ,   ,   ,   ,   ,   ,  ,24,00069469,01, , 318,30818,  , , , ,002, 4,  ,    ,"
"71,860717,29,2,590,I ,014,  ,      ,   ,   ,   ,   ,TL,G ,TE,07, , ,042,0  ,   ,   ,   ,   ,   ,   ,OT,24,00069470,01,M, 425,30819,08, ,K, ,002, 4,01,0475,"
"72,860717,29,2,590,I ,014,  ,      ,   ,   ,   ,   ,TL,  ,TE,07, , ,002,0  ,   ,   ,   ,   ,   ,   ,  ,24,00069471,02, , 403,30821,  , , , ,002, 4,  ,    ,"
"44,860714,29,2,590,I ,014,  ,      ,   ,   ,   ,   ,TL,  ,TE,07, , ,029,0  ,   ,   ,   ,   ,   ,   ,  ,24,00069472,01, , 431,30749,  , , , ,002, 4,  ,    ,"
"43,860714,29,2,590,I ,014,  ,      ,   ,   ,   ,   ,TL,  ,TE,07, , ,066,0  ,   ,   ,   ,   ,   ,   ,  ,24,00069473,01, , 654,30748,  , , , ,002, 4,  ,    ,"
"42,860714,29,2,590,I ,014,  ,      ,   ,   ,   ,   ,TL,  ,TE,07, , ,063,0  ,   ,   ,   ,   ,   ,   ,  ,24,00069474,01, , 446,30747,  , , , ,002, 4,  ,    ,"
"40,860714,29,2,590,I ,014,  ,      ,   ,   ,   ,   ,TL,  ,TE,07, , ,083,0  ,   ,   ,   ,   ,   ,   ,  ,24,00069476,01, , 554,30745,  , , , ,002, 4,  ,    ,"
"38,860714,29,2,590,I ,014,  ,      ,   ,   ,   ,   ,TL,  ,TE,07, , ,022,0  ,   ,   ,   ,   ,   ,   ,  ,24,00069478,01, , 446,30742,  , , , ,002, 4,  ,    ,"
"38,860714,29,2,590,I ,014,  ,      ,   ,   ,   ,   ,TL,  ,TE,07, , ,022,0  ,   ,   ,   ,   ,   ,   ,  ,24,00069478,02, , 528,30743,  , , , ,002, 4,  ,    ,"
"36,860714,29,2,590,I ,014,  ,      ,   ,   ,   ,   ,TL,  ,TE,07, , ,090,0  ,   ,   ,   ,   ,   ,   ,  ,24,00069479,01, , 461,30738,  , , , ,002, 4,  ,    ,"
"36,860714,29,2,590,I ,014,  ,      ,   ,   ,   ,   ,TL,  ,TE,07, , ,090,0  ,   ,   ,   ,   ,   ,   ,  ,24,00069479,02, , 445,30739,  , , , ,002, 4,  ,    ,"
"36,860714,29,2,590,I ,014,  ,      ,   ,   ,   ,   ,TL,  ,TE,07, , ,090,0  ,   ,   ,   ,   ,   ,   ,  ,24,00069479,03, , 461,30740,  , , , ,002, 4,  ,    ,"
"30,860714,29,2,590,I ,014,  ,      ,   ,   ,   ,   ,TL,  ,TE,07, , ,031,0  ,   ,   ,   ,   ,   ,   ,  ,24,00069482,01, , 485,30731,  , , , ,002, 4,  ,    ,"
"30,860714,29,2,590,I ,014,  ,      ,   ,   ,   ,   ,TL,  ,TE,07, , ,031,0  ,   ,   ,   ,   ,   ,   ,  ,24,00069482,02, , 415,30732,  , , , ,002, 4,  ,    ,"
"37,860714,29,2,590,I ,014,  ,      ,   ,   ,   ,   ,TL,  ,TE,07, , ,104,0  ,   ,   ,   ,   ,   ,   ,  ,24,00069483,01, , 420,30741,  , , , ,002, 4,  ,    ,"
"34,860714,29,2,590,I ,014,  ,      ,   ,   ,   ,   ,TL,  ,TE,07, , ,013,0  ,   ,   ,   ,   ,   ,   ,  ,24,00069484,01, , 392,30735,  , , , ,002, 4,  ,    ,"
"31,860714,29,2,590,I ,014,  ,      ,   ,   ,   ,   ,TL,  ,TE,07, , ,076,0  ,   ,   ,   ,   ,   ,   ,  ,24,00069486,01, , 412,30733,  , , , ,002, 4,  ,    ,"
"62,860717,29,2,590,I ,014,  ,      ,   ,   ,   ,   ,TL,  ,TE,07, , ,082,0  ,   ,   ,   ,   ,   ,   ,  ,24,00069488,01, , 330,30809,  , , , ,002, 4,  ,    ,"
"66,860717,29,2,590,I ,014,  ,      ,   ,   ,   ,   ,TL,  ,TE,07, , ,060,0  ,   ,   ,   ,   ,   ,   ,  ,24,00069622,01, , 424,30813,  , , , ,002, 4,  ,    ,"
"65,860717,29,2,590,I ,014,  ,      ,   ,   ,   ,   ,TL,  ,TE,07, , ,012,0  ,   ,   ,   ,   ,   ,   ,  ,24,00069623,01, , 412,30812,  , , , ,002, 4,  ,    ,"
"64,860717,29,2,590,I ,014,  ,      ,   ,   ,   ,   ,TL,  ,TE,07, , ,095,0  ,   ,   ,   ,   ,   ,   ,  ,24,00069624,01, , 406,30811,  , , , ,002, 4,  ,    ,"
"63,860717,29,2,590,I ,014,  ,      ,   ,   ,   ,   ,TL,  ,TE,07, , ,050,0  ,   ,   ,   ,   ,   ,   ,  ,24,00069625,01, , 333,30810,  , , , ,002, 4,  ,    ,"
"68,860717,29,2,590,I ,014,  ,      ,   ,   ,   ,   ,TL,  ,TE,07, , ,094,0  ,   ,   ,   ,   ,   ,   ,  ,24,00069725,01, , 408,30816,  , , , ,002, 4,  ,    ,"
"67,860717,29,2,590,I ,014,  ,      ,   ,   ,   ,   ,TL,  ,TE,07, , ,053,0  ,   ,   ,   ,   ,   ,   ,  ,24,00069726,01, , 465,30815,  , , , ,002, 4,  ,    ,"
"67,860717,29,2,590,I ,014,  ,      ,   ,   ,   ,   ,TL,  ,TE,07, , ,053,0  ,   ,   ,   ,   ,   ,   ,  ,24,00069726,02, , 355,30814,  , , , ,002, 4,  ,    ,"
"36,860717,29,2,590,I ,014,  ,      ,   ,   ,   ,   ,TL,  ,TE,07, , ,007,1  ,   ,   ,   ,   ,   ,   ,  ,24,00078996,01, , 357,37507,  , , , ,002, 4,  ,    ,"
"36,860717,29,2,590,I ,014,  ,      ,   ,   ,   ,   ,TL,  ,TE,07, , ,007,1  ,   ,   ,   ,   ,   ,   ,  ,24,00078996,02, , 426,37508,  , , , ,002, 4,  ,    ,"
"35,860717,29,2,590,I ,014,  ,      ,   ,   ,   ,   ,TL,  ,TE,07, , ,011,1  ,   ,   ,   ,   ,   ,   ,  ,24,00078997,01, , 434,37509,  , , , ,002, 4,  ,    ,"
"35,860717,29,2,590,I ,014,  ,      ,   ,   ,   ,   ,TL,  ,TE,07, , ,011,1  ,   ,   ,   ,   ,   ,   ,  ,24,00078997,02, , 389,37510,  , , , ,002, 4,  ,    ,"
"10,860716,29,2,590,I ,014,  ,      ,   ,   ,   ,   ,TL,  ,TE,07, , ,062,1  ,   ,   ,   ,   ,   ,   ,  ,24,00079245,01, , 442,37409,  , , ,Y,002, 4,  ,    ,"
"40,860717,29,2,590,I ,014,  ,      ,   ,   ,   ,   ,TL,  ,TE,07, , ,038,1  ,   ,   ,   ,   ,   ,   ,  ,24,00079246,01, , 354,37495,  , , , ,002, 4,  ,    ,"
"40,860717,29,2,590,I ,014,  ,      ,   ,   ,   ,   ,TL,  ,TE,07, , ,038,1  ,   ,   ,   ,   ,   ,   ,  ,24,00079246,02, , 413,37496,  , , , ,002, 4,  ,    ,"
"00,860716,29,2,590,I ,014,  ,      ,   ,   ,   ,   ,TL,  ,TE,07, , ,102,1  ,   ,   ,   ,   ,   ,   ,  ,24,00079247,01, , 400,37474,  , , , ,002, 4,  ,    ,"
"00,860716,29,2,590,I ,014,  ,      ,   ,   ,   ,   ,TL,  ,TE,07, , ,102,1  ,   ,   ,   ,   ,   ,   ,  ,24,00079247,02, , 417,37475,  , , , ,002, 4,  ,    ,"
"41,860717,29,2,590,I ,014,  ,      ,   ,   ,   ,   ,TL,  ,TE,07, , ,057,1  ,   ,   ,   ,   ,   ,   ,  ,24,00079248,01, , 387,37493,  , , , ,002, 4,  ,    ,"
"41,860717,29,2,590,I ,014,  ,      ,   ,   ,   ,   ,TL,  ,TE,07, , ,057,1  ,   ,   ,   ,   ,   ,   ,  ,24,00079248,02, , 472,37494,  , , , ,002, 4,  ,    ,"
"52,860717,29,2,590,I ,014,  ,      ,   ,   ,   ,   ,TL,  ,TE,07, , ,018,1  ,   ,   ,   ,   ,   ,   ,  ,24,00079249,01, , 462,37491,  , , , ,002, 4,  ,    ,"
"52,860717,29,2,590,I ,014,  ,      ,   ,   ,   ,   ,TL,  ,TE,07, , ,018,1  ,   ,   ,   ,   ,   ,   ,  ,24,00079249,02, , 360,37492,  , , , ,002, 4,  ,    ,"
"52,860717,29,2,590,I ,014,  ,      ,   ,   ,   ,   ,TL,  ,TE,07, , ,018,1  ,   ,   ,   ,   ,   ,   ,  ,24,00079249,03, , 456,37420,  , , ,Y,002, 4,  ,    ,"
"42,860717,29,2,590,I ,014,  ,      ,   ,   ,   ,   ,TL,  ,TE,07, , ,037,1  ,   ,   ,   ,   ,   ,   ,  ,24,00079250,01, , 495,37490,  , , , ,002, 4,  ,    ,"
"43,860717,29,2,590,I ,014,  ,      ,   ,   ,   ,   ,TL,  ,TE,07, , ,060,1  ,   ,   ,   ,   ,   ,   ,  ,24,00079251,01, , 435,37489,  , , , ,002, 4,  ,    ,"
"44,860717,29,2,590,I ,014,  ,      ,   ,   ,   ,   ,TL,  ,TE,07, , ,070,1  ,   ,   ,   ,   ,   ,   ,  ,24,00079252,01, , 389,37488,  , , , ,002, 4,  ,    ,"
"45,860717,29,2,590,I ,014,  ,      ,   ,   ,   ,   ,TL,  ,TE,07, , ,020,1  ,   ,   ,   ,   ,   ,   ,  ,24,00079253,01, , 398,37487,  , , , ,002, 4,  ,    ,"
"54,860717,29,2,590,I ,014,  ,      ,   ,   ,   ,   ,TL,G ,TE,07, , ,004,1  ,   ,   ,   ,   ,   ,   ,OT,24,00079254,01,M, 450,37486,07, ,K, ,002, 4,02,0700,"
"53,860717,29,2,590,I ,014,  ,      ,   ,   ,   ,   ,TL,  ,TE,07, , ,022,1  ,   ,   ,   ,   ,   ,   ,  ,24,00079255,01, , 383,37484,  , , , ,002, 4,  ,    ,"
"53,860717,29,2,590,I ,014,  ,      ,   ,   ,   ,   ,TL,G ,TE,07, , ,022,1  ,   ,   ,   ,   ,   ,   ,OT,24,00079255,02,M, 421,37485,06, ,K, ,002, 4,02,0620,"
"46,860717,29,2,590,I ,014,  ,      ,   ,   ,   ,   ,TL,  ,TE,07, , ,044,1  ,   ,   ,   ,   ,   ,   ,  ,24,00079256,01, , 417,37482,  , , , ,002, 4,  ,    ,"
"47,860717,29,2,590,I ,014,  ,      ,   ,   ,   ,   ,TL,  ,TE,07, , ,094,1  ,   ,   ,   ,   ,   ,   ,  ,24,00079257,01, , 378,37481,  , , , ,002, 4,  ,    ,"
"48,860717,29,2,590,I ,014,  ,      ,   ,   ,   ,   ,TL,  ,TE,07, , ,071,1  ,   ,   ,   ,   ,   ,   ,  ,24,00079258,01, , 485,37479,  , , , ,002, 4,  ,    ,"
"48,860717,29,2,590,I ,014,  ,      ,   ,   ,   ,   ,TL,  ,TE,07, , ,071,1  ,   ,   ,   ,   ,   ,   ,  ,24,00079258,02, , 360,37480,  , , , ,002, 4,  ,    ,"
"49,860717,29,2,590,I ,014,  ,      ,   ,   ,   ,   ,TL,  ,TE,07, , ,034,1  ,   ,   ,   ,   ,   ,   ,  ,24,00079259,01, , 512,37478,  , , , ,002, 4,  ,    ,"
"50,860717,29,2,590,I ,014,  ,      ,   ,   ,   ,   ,TL,  ,TE,07, , ,095,1  ,   ,   ,   ,   ,   ,   ,  ,24,00079260,01, , 382,37477,  , , , ,002, 4,  ,    ,"
"07,860716,29,2,590,I ,014,  ,      ,   ,   ,   ,   ,TL,  ,TE,07, , ,010,1  ,   ,   ,   ,   ,   ,   ,  ,24,00079277,01, , 387,37431,  , , ,Y,002, 4,  ,    ,"
"01,860714,29,2,590,I ,014,  ,      ,   ,   ,   ,   ,TL,  ,TE,07, , ,102,1  ,   ,   ,   ,   ,   ,   ,  ,24,00079297,01, , 429,37390,  , , , ,002, 4,  ,    ,"
"58,860717,29,2,590,I ,014,  ,      ,   ,   ,   ,   ,TL,  ,TE,07, , ,035,1  ,   ,   ,   ,   ,   ,   ,  ,24,00079364,01, , 440,37505,  , , , ,002, 4,  ,    ,"
"58,860717,29,2,590,I ,014,  ,      ,   ,   ,   ,   ,TL,G ,TE,07, , ,035,1  ,   ,   ,   ,   ,   ,   ,OT,24,00079364,02,F, 387,37506,06, ,K, ,002, 4,01,0420,"
"37,860717,29,2,590,I ,014,  ,      ,   ,   ,   ,   ,TL,  ,TE,07, , ,042,1  ,   ,   ,   ,   ,   ,   ,  ,24,00079365,01, , 453,37504,  , , , ,002, 4,  ,    ,"
"38,860717,29,2,590,I ,014,  ,      ,   ,   ,   ,   ,TL,  ,TE,07, , ,075,1  ,   ,   ,   ,   ,   ,   ,  ,24,00079366,01, , 418,37501,  , , , ,002, 4,  ,    ,"
"38,860717,29,2,590,I ,014,  ,      ,   ,   ,   ,   ,TL,  ,TE,07, , ,075,1  ,   ,   ,   ,   ,   ,   ,  ,24,00079366,02, , 440,37502,  , , , ,002, 4,  ,    ,"
"38,860717,29,2,590,I ,014,  ,      ,   ,   ,   ,   ,TL,  ,TE,07, , ,075,1  ,   ,   ,   ,   ,   ,   ,  ,24,00079366,03, , 355,37503,  , , , ,002, 4,  ,    ,"
"57,860717,29,2,590,I ,014,  ,      ,   ,   ,   ,   ,TL,G ,TE,07, , ,051,1  ,   ,   ,   ,   ,   ,   ,OT,24,00079367,01,M, 328,37500,05, ,K, ,002, 4,01,0260,"
"56,860717,29,2,590,I ,014,  ,      ,   ,   ,   ,   ,TL,G ,TE,07, , ,089,1  ,   ,   ,   ,   ,   ,   ,OT,24,00079369,01,F, 387,37498,06, ,K, ,002, 4,01,0440,"
"55,860717,29,2,590,I ,014,  ,      ,   ,   ,   ,   ,TL,G ,TE,07, , ,090,1  ,   ,   ,   ,   ,   ,   ,OT,24,00079370,01,M, 437,37497,07, ,K, ,002, 4,02,0480,"
"27,860716,29,2,590,I ,014,  ,      ,   ,   ,   ,   ,TL,  ,TE,07, , ,063,0  ,   ,   ,   ,   ,   ,   ,  ,24,00069396,01, , 308,30792,  , , , ,002, 4,  ,    ,"
"74,860717,29,2,590,I ,014,  ,      ,   ,   ,   ,   ,TL,  ,TE,07, , ,040,0  ,   ,   ,   ,   ,   ,   ,  ,24,00069397,01, , 340,30823,  , , , ,002, 4,  ,    ,"
"73,860717,29,2,590,I ,014,  ,      ,   ,   ,   ,   ,TL,G ,TE,07, , ,103,0  ,   ,   ,   ,   ,   ,   ,OT,24,00069398,01,M, 382,30822,08, ,K, ,002, 4,02,0325,"
"75,860717,29,2,590,I ,014,  ,      ,   ,   ,   ,   ,TL,  ,TE,07, , ,057,0  ,   ,   ,   ,   ,   ,   ,  ,24,00069399,01, , 396,30824,  , , , ,002, 4,  ,    ,"
"76,860717,29,2,590,I ,014,  ,      ,   ,   ,   ,   ,TL,G ,TE,07, , ,045,0  ,   ,   ,   ,   ,   ,   ,OT,24,00069400,01,M, 386,30825,06, ,K, ,002, 4,02,0465,"
"33,860716,29,2,590,I ,014,  ,      ,   ,   ,   ,   ,TL,  ,TE,07, , ,078,0  ,   ,   ,   ,   ,   ,   ,  ,24,00069402,01, , 371,30806,  , , , ,002, 4,  ,    ,"
"32,860716,29,2,590,I ,014,  ,      ,   ,   ,   ,   ,TL,  ,TE,07, , ,005,0  ,   ,   ,   ,   ,   ,   ,  ,24,00069403,01, , 334,30804,  , , , ,002, 4,  ,    ,"
"31,860716,29,2,590,I ,014,  ,      ,   ,   ,   ,   ,TL,G ,TE,07, , ,077,0  ,   ,   ,   ,   ,   ,   ,OT,24,00069404,01,F, 394,30805,07, ,K, ,002, 4,02,0425,"
"30,860716,29,2,590,I ,014,  ,      ,   ,   ,   ,   ,TL,G ,TE,07, , ,083,0  ,   ,   ,   ,   ,   ,   ,OT,24,00069405,02,M, 380,30803,07, ,K, ,002, 4,02,0450,"
"29,860716,29,2,590,I ,014,  ,      ,   ,   ,   ,   ,TL,G ,TE,07, , ,085,0  ,   ,   ,   ,   ,   ,   ,OT,24,00069406,01,F, 347,30795,06, ,K, ,002, 4,01,0275,"
"29,860716,29,2,590,I ,014,  ,      ,   ,   ,   ,   ,TL,  ,TE,07, , ,085,0  ,   ,   ,   ,   ,   ,   ,  ,24,00069406,02, , 355,30796,  , , , ,002, 4,  ,    ,"
"29,860716,29,2,590,I ,014,  ,      ,   ,   ,   ,   ,TL,  ,TE,07, , ,085,0  ,   ,   ,   ,   ,   ,   ,  ,24,00069406,03, , 350,30797,  , , , ,002, 4,  ,    ,"
"29,860716,29,2,590,I ,014,  ,      ,   ,   ,   ,   ,TL,G ,TE,07, , ,085,0  ,   ,   ,   ,   ,   ,   ,OT,24,00069406,04,M, 355,30800,06, ,K, ,002, 4,02,0325,"
"28,860716,29,2,590,I ,014,  ,      ,   ,   ,   ,   ,TL,  ,TE,07, , ,027,0  ,   ,   ,   ,   ,   ,   ,  ,24,00069407,01, , 406,30793,  , , , ,002, 4,  ,    ,"
"28,860716,29,2,590,I ,014,  ,      ,   ,   ,   ,   ,TL,  ,TE,07, , ,027,0  ,   ,   ,   ,   ,   ,   ,  ,24,00069407,02, , 416,30794,  , , , ,002, 4,  ,    ,"
"29,860716,29,2,590,I ,014,  ,      ,   ,   ,   ,   ,TL,G ,TE,07, , ,085,0  ,   ,   ,   ,   ,   ,   ,OT,24,00069406,05,F, 340,30801,06, ,K, ,002, 4,02,0300,"
"91,860716,29,2,590,I ,014,  ,      ,   ,   ,   ,   ,TL,  ,TE,07, , ,084,1  ,   ,   ,   ,   ,   ,   ,  ,24,00079336,01, , 384,37456,  , , , ,002, 4,  ,    ,"
"05,860714,29,2,590,I ,014,  ,      ,   ,   ,   ,   ,TL,  ,TE,07, , ,047,1  ,   ,   ,   ,   ,   ,   ,  ,24,00079411,01, , 520,37389,  , , , ,002, 4,  ,    ,"
"10,860714,29,2,590,I ,014,  ,      ,   ,   ,   ,   ,TL,  ,TE,07, , ,061,1  ,   ,   ,   ,   ,   ,   ,  ,24,00079413,01, , 503,37388,  , , , ,002, 4,  ,    ,"
"27,860714,29,2,590,I ,014,  ,      ,   ,   ,   ,   ,TL,  ,TE,07, , ,012,1  ,   ,   ,   ,   ,   ,   ,  ,24,00079416,01, , 474,37386,  , , , ,002, 4,  ,    ,"
"11,860714,29,2,590,I ,014,  ,      ,   ,   ,   ,   ,TL,  ,TE,07, , ,056,1  ,   ,   ,   ,   ,   ,   ,  ,24,00079418,01, , 594,37382,  , , , ,002, 4,  ,    ,"
"26,860714,29,2,590,I ,014,  ,      ,   ,   ,   ,   ,TL,  ,TE,07, , ,088,1  ,   ,   ,   ,   ,   ,   ,  ,24,00079420,01, , 381,37393,  , , , ,002, 4,  ,    ,"
"25,860714,29,2,590,I ,014,  ,      ,   ,   ,   ,   ,TL,  ,TE,07, , ,002,1  ,   ,   ,   ,   ,   ,   ,  ,24,00079333,01, , 612,37410,  , , , ,002, 4,  ,    ,"
"12,860716,29,2,590,I ,014,  ,      ,   ,   ,   ,   ,TL,  ,TE,07, , ,029,0  ,   ,   ,   ,   ,   ,   ,  ,24,00069381,01, , 402,30771,  , , , ,002, 4,  ,    ,"
"13,860716,29,2,590,I ,014,  ,      ,   ,   ,   ,   ,TL,  ,TE,07, , ,070,0  ,   ,   ,   ,   ,   ,   ,  ,24,00069382,01, , 385,30773,  , , , ,002, 4,  ,    ,"
"14,860716,29,2,590,I ,014,  ,      ,   ,   ,   ,   ,TL,  ,TE,07, , ,073,0  ,   ,   ,   ,   ,   ,   ,  ,24,00069383,01, , 345,30774,  , , , ,002, 4,  ,    ,"
"15,860716,29,2,590,I ,014,  ,      ,   ,   ,   ,   ,TL,  ,TE,07, , ,047,0  ,   ,   ,   ,   ,   ,   ,  ,24,00069384,01, , 350,30775,  , , , ,002, 4,  ,    ,"
"15,860716,29,2,590,I ,014,  ,      ,   ,   ,   ,   ,TL,  ,TE,07, , ,047,0  ,   ,   ,   ,   ,   ,   ,  ,24,00069384,02, , 375,30776,  , , , ,002, 4,  ,    ,"
"16,860716,29,2,590,I ,014,  ,      ,   ,   ,   ,   ,TL,G ,TE,07, , ,105,0  ,   ,   ,   ,   ,   ,   ,OT,24,00069385,01,F, 347,30777,06, ,K, ,002, 4,02,0250,"
"17,860716,29,2,590,I ,014,  ,      ,   ,   ,   ,   ,TL,  ,TE,07, , ,102,0  ,   ,   ,   ,   ,   ,   ,  ,24,00069386,01, , 344,30778,  , , , ,002, 4,  ,    ,"
"18,860716,29,2,590,I ,014,  ,      ,   ,   ,   ,   ,TL,  ,TE,07, , ,030,0  ,   ,   ,   ,   ,   ,   ,  ,24,00069387,01, , 394,30779,  , , , ,002, 4,  ,    ,"
"19,860716,29,2,590,I ,014,  ,      ,   ,   ,   ,   ,TL,G ,TE,07, , ,037,0  ,   ,   ,   ,   ,   ,   ,OT,24,00069388,01,F, 386,30780,07, ,K, ,002, 4,02,0500,"
"19,860716,29,2,590,I ,014,  ,      ,   ,   ,   ,   ,TL,G ,TE,07, , ,037,0  ,   ,   ,   ,   ,   ,   ,OT,24,00069388,02, , 332,30781,07, ,K, ,002, 4,01,0300,"
"20,860716,29,2,590,I ,014,  ,      ,   ,   ,   ,   ,TL,  ,TE,07, , ,066,0  ,   ,   ,   ,   ,   ,   ,  ,24,00069389,01, , 350,30782,  , , , ,002, 4,  ,    ,"
"20,860716,29,2,590,I ,014,  ,      ,   ,   ,   ,   ,TL,G ,TE,07, , ,066,0  ,   ,   ,   ,   ,   ,   ,OT,24,00069389,02,F, 503,30783,07, ,K, ,002, 4,02,0975,"
"21,860716,29,2,590,I ,014,  ,      ,   ,   ,   ,   ,TL,  ,TE,07, , ,038,0  ,   ,   ,   ,   ,   ,   ,  ,24,00069390,01, , 362,30784,  , , , ,002, 4,  ,    ,"
"22,860716,29,2,590,I ,014,  ,      ,   ,   ,   ,   ,TL,  ,TE,07, , ,033,0  ,   ,   ,   ,   ,   ,   ,  ,24,00069391,01, , 416,30785,  , , , ,002, 4,  ,    ,"
"22,860716,29,2,590,I ,014,  ,      ,   ,   ,   ,   ,TL,  ,TE,07, , ,033,0  ,   ,   ,   ,   ,   ,   ,  ,24,00069391,02, , 356,30786,  , , , ,002, 4,  ,    ,"
"23,860716,29,2,590,I ,014,  ,      ,   ,   ,   ,   ,TL,G ,TE,07, , ,031,0  ,   ,   ,   ,   ,   ,   ,OT,24,00069392,01,F, 359,30787,06, ,K, ,002, 4,02,0275,"
"23,860716,29,2,590,I ,014,  ,      ,   ,   ,   ,   ,TL,  ,TE,07, , ,031,0  ,   ,   ,   ,   ,   ,   ,  ,24,00069392,02, , 392,30788,  , , , ,002, 4,  ,    ,"
"24,860716,29,2,590,I ,014,  ,      ,   ,   ,   ,   ,TL,  ,TE,07, , ,056,0  ,   ,   ,   ,   ,   ,   ,  ,24,00069393,01, , 400,30789,  , , , ,002, 4,  ,    ,"
"25,860716,29,2,590,I ,014,  ,      ,   ,   ,   ,   ,TL,  ,TE,07, , ,041,0  ,   ,   ,   ,   ,   ,   ,  ,24,00069394,01, , 384,30790,  , , , ,002, 4,  ,    ,"
"39,860717,29,2,590,I ,014,  ,      ,   ,   ,   ,   ,TL,  ,TE,07, , ,054,1  ,   ,   ,   ,   ,   ,   ,  ,24,00079368,01, , 437,37499,  , , , ,002, 4,  ,    ,"
"41,860714,29,2,590,I ,014,  ,      ,   ,   ,   ,   ,TL,  ,TE,07, , ,038,0  ,   ,   ,   ,   ,   ,   ,  ,24,00069475,01, , 486,30746,  , , , ,002, 4,  ,    ,"
"57,860715,29,2,590,I ,014,  ,      ,   ,   ,   ,   ,TL,  ,TE,07, , ,021,0  ,   ,   ,   ,   ,   ,   ,  ,24,00069449,01, , 384,30752,  , , , ,002, 4,  ,    ,"
"72,860717,29,2,590,I ,014,  ,      ,   ,   ,   ,   ,TL,  ,TE,07, , ,002,0  ,   ,   ,   ,   ,   ,   ,  ,24,00069471,01, , 439,30820,  , , , ,002, 4,  ,    ,"
"51,860715,29,2,590,I ,014,  ,      ,   ,   ,   ,   ,TL,  ,TE,07, , ,057,0  ,   ,   ,   ,   ,   ,   ,  ,24,00069455,01, , 472,30761,  , , , ,001, 4,  ,    ,"
"50,860715,29,2,590,I ,014,  ,      ,   ,   ,   ,   ,TL,  ,TE,07, , ,007,0  ,   ,   ,   ,   ,   ,   ,  ,24,00069456,01, , 386,30762,  , , , ,001, 4,  ,    ,"
"57,860715,29,2,590,I ,014,  ,      ,   ,   ,   ,   ,TL,G ,TE,07, , ,021,0  ,   ,   ,   ,   ,   ,   ,OT,24,00069449,02, , 408,30753,06, ,K, ,002, 4,  ,0550,"
"30,860716,29,2,590,I ,014,  ,      ,   ,   ,   ,   ,TL,  ,TE,07, , ,083,0  ,   ,   ,   ,   ,   ,   ,  ,24,00069405,01, , 366,30802,  , , , ,002, 4,  ,    ,"
"26,860714,29,2,590,I ,014,  ,      ,   ,   ,   ,   ,TL,  ,TE,07, , ,088,1  ,   ,   ,   ,   ,   ,   ,  ,24,00079420,02, , 357,37394,  , , , ,002, 4,  ,    ,"
"51,860717,29,2,590,I ,014,  ,      ,   ,   ,   ,   ,TL,  ,TE,07, , ,026,1  ,   ,   ,   ,   ,   ,   ,  ,24,00079261,01, , 401,37476,  , , , ,002, 4,  ,    ,"
"46,860717,29,2,590,I ,014,  ,      ,   ,   ,   ,   ,TL,  ,TE,07, , ,044,1  ,   ,   ,   ,   ,   ,   ,  ,24,00079256,02, , 453,37483,  , , , ,002, 4,  ,    ,"
"35,860714,29,2,590,I ,014,  ,      ,   ,   ,   ,   ,TL,  ,TE,07, , ,004,0  ,   ,   ,   ,   ,   ,   ,  ,24,00069480,02, , 449,30736,  , , , ,002, 4,  ,    ,"
"35,860714,29,2,590,I ,014,  ,      ,   ,   ,   ,   ,TL,  ,TE,07, , ,004,0  ,   ,   ,   ,   ,   ,   ,  ,24,00069480,03, , 510,30737,  , , , ,002, 4,  ,    ,"
"49,860715,29,2,590,I ,014,  ,      ,   ,   ,   ,   ,TL,  ,TE,07, , ,072,0  ,   ,   ,   ,   ,   ,   ,  ,24,00069457,01, , 385,30064,  , , , ,002, 4,  ,    ,"
"49,860715,29,2,590,I ,014,  ,      ,   ,   ,   ,   ,TL,  ,TE,07, , ,072,0  ,   ,   ,   ,   ,   ,   ,  ,24,00069457,02, , 453,30065,  , , , ,002, 4,  ,    ,"
"49,860715,29,2,590,I ,014,  ,      ,   ,   ,   ,   ,TL,  ,TE,07, , ,072,0  ,   ,   ,   ,   ,   ,   ,  ,24,00069457,03, , 391,30066,  , , , ,002, 4,  ,    ,"
"49,860715,29,2,590,I ,014,  ,      ,   ,   ,   ,   ,TL,  ,TE,07, , ,072,0  ,   ,   ,   ,   ,   ,   ,  ,24,00069457,04, , 319,30067,  , , , ,002, 4,  ,    ,"
"04,860714,29,2,590,I ,014,  ,      ,   ,   ,   ,   ,TL,  ,TE,07, , ,045,1  ,   ,   ,   ,   ,   ,   ,  ,24,00079415,01, , 453,37385,  , , , ,002, 4,  ,    ,"
"23,860714,29,2,590,I ,014,  ,      ,   ,   ,   ,   ,TL,  ,TE,07, , ,099,1  ,   ,   ,   ,   ,   ,   ,  ,24,00079331,01, , 438,37408,  , , , ,002, 4,  ,    ,"
"02,860714,29,2,590,I ,014,  ,      ,   ,   ,   ,   ,TL,  ,TE,07, , ,001,1  ,   ,   ,   ,   ,   ,   ,  ,24,00079298,01, ,    ,37395,  , , , ,002, 4,  ,    ,"
"20,860714,29,2,590,I ,014,  ,      ,   ,   ,   ,   ,TL,  ,TE,07, , ,029,1  ,   ,   ,   ,   ,   ,   ,  ,24,00075856,01, , 440,37403,  , , , ,002, 4,  ,    ,"
"39,860714,29,2,590,I ,014,  ,      ,   ,   ,   ,   ,TL,  ,TE,07, , ,030,0  ,   ,   ,   ,   ,   ,   ,  ,24,00069477,01, , 474,30744,  , , , ,002, 4,  ,    ,"
"35,860714,29,2,590,I ,014,  ,      ,   ,   ,   ,   ,TL,  ,TE,07, , ,004,0  ,   ,   ,   ,   ,   ,   ,  ,  ,00069480,01, , 275,     ,  ,I, , ,   ,  ,  ,    ,"
"33,860714,29,2,590,I ,014,  ,      ,   ,   ,   ,   ,TL,  ,TE,07, , ,085,0  ,   ,   ,   ,   ,   ,   ,  ,24,00069481,01, , 512,30734,  , , , ,002, 4,  ,    ,"
"83,860717,29,2,590,I ,014,  ,      ,   ,   ,   ,   ,TL,  ,TE,07, , ,048,0  ,   ,   ,   ,   ,   ,   ,  ,24,00069503,01, , 337,30835,  , , , ,002, 4,  ,    ,"
"21,860714,29,2,590,I ,014,  ,      ,   ,   ,   ,   ,TL,  ,TE,07, , ,083,1  ,   ,   ,   ,   ,   ,   ,  ,24,00079328,01, , 413,37406,  , , , ,002, 4,  ,    ,"
"65,860715,29,2,590,I ,014,  ,      ,   ,   ,   ,   ,TL,  ,TE,07, , ,033,1  ,   ,   ,   ,   ,   ,   ,  ,24,00079337,01, , 395,37443,  , , , ,002, 4,  ,    ,"
"78,860715,29,2,590,I ,014,  ,      ,   ,   ,   ,   ,TL,  ,TE,07, , ,034,1  ,   ,   ,   ,   ,   ,   ,  ,24,00079338,01, , 375,37442,  , , , ,002, 4,  ,    ,"
"76,860715,29,2,590,I ,014,  ,      ,   ,   ,   ,   ,TL,  ,TE,07, , ,068,1  ,   ,   ,   ,   ,   ,   ,  ,24,00079339,01, , 364,37440,  , , , ,002, 4,  ,    ,"
"76,860715,29,2,590,I ,014,  ,      ,   ,   ,   ,   ,TL,  ,TE,07, , ,068,1  ,   ,   ,   ,   ,   ,   ,  ,24,00079339,02, , 425,37441,  , , , ,002, 4,  ,    ,"
"13,860714,29,2,590,I ,014,  ,      ,   ,   ,   ,   ,TL,  ,TE,07, , ,078,1  ,   ,   ,   ,   ,   ,   ,  ,24,00075850,01, , 507,37396,  , , , ,002, 4,  ,    ,"
"14,860714,29,2,590,I ,014,  ,      ,   ,   ,   ,   ,TL,  ,TE,07, , ,043,1  ,   ,   ,   ,   ,   ,   ,  ,24,00075851,01, , 510,37397,  , , , ,002, 4,  ,    ,"
"15,860714,29,2,590,I ,014,  ,      ,   ,   ,   ,   ,TL,  ,TE,07, , ,049,1  ,   ,   ,   ,   ,   ,   ,  ,24,00075852,01, , 378,37398,  , , , ,002, 4,  ,    ,"
"16,860714,29,2,590,I ,014,  ,      ,   ,   ,   ,   ,TL,  ,TE,07, , ,050,1  ,   ,   ,   ,   ,   ,   ,  ,24,00075853,01, , 367,37399,  , , , ,002, 4,  ,    ,"
"17,860714,29,2,590,I ,014,  ,      ,   ,   ,   ,   ,TL,  ,TE,07, , ,092,1  ,   ,   ,   ,   ,   ,   ,  ,24,00075854,01, , 392,37401,  , , , ,002, 4,  ,    ,"
"18,860714,29,2,590,I ,014,  ,      ,   ,   ,   ,   ,TL,  ,TE,07, , ,080,1  ,   ,   ,   ,   ,   ,   ,  ,24,00075855,01, , 424,37402,  , , , ,002, 4,  ,    ,"
"03,860714,29,2,590,I ,014,  ,      ,   ,   ,   ,   ,TL,  ,TE,07, , ,036,1  ,   ,   ,   ,   ,   ,   ,  ,24,00075857,01, , 366,37379,  , , , ,002, 4,  ,    ,"
"11,860716,29,2,590,I ,014,  ,      ,   ,   ,   ,   ,TL,G ,TE,07, , ,005,1  ,   ,   ,   ,   ,   ,   ,OT,24,00078958,01,F, 378,37449,06, ,K, ,002, 4,  ,0450,"
"99,860716,29,2,590,I ,014,  ,      ,   ,   ,   ,   ,TL,  ,TE,07, , ,053,1  ,   ,   ,   ,   ,   ,   ,  ,24,00079262,01, , 390,37472,  , , , ,002, 4,  ,    ,"
"99,860716,29,2,590,I ,014,  ,      ,   ,   ,   ,   ,TL,  ,TE,07, , ,053,1  ,   ,   ,   ,   ,   ,   ,  ,24,00079262,02, , 444,37473,  , , , ,002, 4,  ,    ,"
"98,860716,29,2,590,I ,014,  ,      ,   ,   ,   ,   ,TL,  ,TE,07, , ,043,1  ,   ,   ,   ,   ,   ,   ,  ,24,00079263,01, , 337,37471,  , , , ,002, 4,  ,    ,"
"95,860716,29,2,590,I ,014,  ,      ,   ,   ,   ,   ,TL,  ,TE,07, , ,080,1  ,   ,   ,   ,   ,   ,   ,  ,24,00079264,01, , 434,37470,  , , , ,002, 4,  ,    ,"
"97,860716,29,2,590,I ,014,  ,      ,   ,   ,   ,   ,TL,  ,TE,07, , ,023,1  ,   ,   ,   ,   ,   ,   ,  ,24,00079265,01, , 550,37468,  , , , ,002, 4,  ,    ,"
"97,860716,29,2,590,I ,014,  ,      ,   ,   ,   ,   ,TL,  ,TE,07, , ,023,1  ,   ,   ,   ,   ,   ,   ,  ,24,00079265,02, , 370,37469,  , , , ,002, 4,  ,    ,"
"84,860716,29,2,590,I ,014,  ,      ,   ,   ,   ,   ,TL,  ,TE,07, , ,065,1  ,   ,   ,   ,   ,   ,   ,  ,24,00079266,01, , 489,37467,  , , , ,002, 4,  ,    ,"
"01,860716,29,2,590,I ,014,  ,      ,   ,   ,   ,   ,TL,  ,TE,07, , ,029,1  ,   ,   ,   ,   ,   ,   ,  ,24,00079267,01, , 427,37466,  , , , ,002, 4,  ,    ,"
"03,860716,29,2,590,I ,014,  ,      ,   ,   ,   ,   ,TL,  ,TE,07, , ,003,1  ,   ,   ,   ,   ,   ,   ,  ,24,00079269,01, , 446,37464,  , , , ,002, 4,  ,    ,"
"85,860716,29,2,590,I ,014,  ,      ,   ,   ,   ,   ,TL,  ,TE,07, , ,049,1  ,   ,   ,   ,   ,   ,   ,  ,24,00079270,01, , 410,37461,  , , , ,002, 4,  ,    ,"
"96,860716,29,2,590,I ,014,  ,      ,   ,   ,   ,   ,TL,  ,TE,07, , ,045,1  ,   ,   ,   ,   ,   ,   ,  ,24,00079271,01, , 382,37460,  , , , ,002, 4,  ,    ,"
"87,860716,29,2,590,I ,014,  ,      ,   ,   ,   ,   ,TL,  ,TE,07, , ,082,1  ,   ,   ,   ,   ,   ,   ,  ,24,00079272,01, , 347,37452,  , , , ,002, 4,  ,    ,"
"88,860716,29,2,590,I ,014,  ,      ,   ,   ,   ,   ,TL,  ,TE,07, , ,050,1  ,   ,   ,   ,   ,   ,   ,  ,24,00079273,01, , 448,37451,  , , , ,002, 4,  ,    ,"
"89,860716,29,2,590,I ,014,  ,      ,   ,   ,   ,   ,TL,  ,TE,07, , ,016,1  ,   ,   ,   ,   ,   ,   ,  ,24,00079274,01, , 335,37450,  , , , ,002, 4,  ,    ,"
"04,860716,29,2,590,I ,014,  ,      ,   ,   ,   ,   ,TL,  ,TE,07, , ,027,1  ,   ,   ,   ,   ,   ,   ,  ,24,00079276,01, , 337,37448,  , , , ,002, 4,  ,    ,"
"05,860716,29,2,590,I ,014,  ,      ,   ,   ,   ,   ,TL,  ,TE,07, , ,055,1  ,   ,   ,   ,   ,   ,   ,  ,24,00079279,01, , 395,37447,  , , , ,002, 4,  ,    ,"
"08,860716,29,2,590,I ,014,  ,      ,   ,   ,   ,   ,TL,  ,TE,07, , ,002,1  ,   ,   ,   ,   ,   ,   ,  ,24,00079280,01, , 400,37445,  , , , ,002, 4,  ,    ,"
"09,860716,29,2,590,I ,014,  ,      ,   ,   ,   ,   ,TL,  ,TE,07, , ,081,1  ,   ,   ,   ,   ,   ,   ,  ,24,00079281,01, , 483,37444,  , , , ,002, 4,  ,    ,"
"93,860716,29,2,590,I ,014,  ,      ,   ,   ,   ,   ,TL,  ,TE,07, , ,019,1  ,   ,   ,   ,   ,   ,   ,  ,24,00079340,01, , 314,37457,  , , , ,002, 4,  ,    ,"
"83,860715,29,2,590,I ,014,  ,      ,   ,   ,   ,   ,TL,  ,TE,07, , ,013,1  ,   ,   ,   ,   ,   ,   ,  ,24,00079355,01, , 445,37415,  , , , ,002, 4,  ,    ,"
"19,860714,29,2,590,I ,014,  ,      ,   ,   ,   ,   ,TL,G ,TE,07, , ,085,1  ,   ,   ,   ,   ,   ,   ,OT,24,00079412,02,F, 320,37405,05, ,K, ,002, 4,01,0280,"
"07,860714,29,2,590,I ,014,  ,      ,   ,   ,   ,   ,TL,  ,TE,07, , ,023,1  ,   ,   ,   ,   ,   ,   ,  ,24,00079414,01, , 548,37387,  , , , ,002, 4,  ,    ,"
"09,860714,29,2,590,I ,014,  ,      ,   ,   ,   ,   ,TL,  ,TE,07, , ,084,1  ,   ,   ,   ,   ,   ,   ,  ,24,00079417,01, , 371,37383,  , , , ,002, 4,  ,    ,"
"09,860714,29,2,590,I ,014,  ,      ,   ,   ,   ,   ,TL,  ,TE,07, , ,084,1  ,   ,   ,   ,   ,   ,   ,  ,24,00079417,02, , 525,37384,  , , , ,002, 4,  ,    ,"
"06,860714,29,2,590,I ,014,  ,      ,   ,   ,   ,   ,TL,  ,TE,07, , ,053,1  ,   ,   ,   ,   ,   ,   ,  ,24,00079419,01, , 484,37381,  , , , ,002, 4,  ,    ,"
"12,860714,29,2,590,I ,014,  ,      ,   ,   ,   ,   ,TL,  ,TE,07, , ,017,1  ,   ,   ,   ,   ,   ,   ,  ,24,00079421,01, , 386,37380,  , , , ,002, 4,  ,    ,"
"19,860714,29,2,590,I ,014,  ,      ,   ,   ,   ,   ,TL,  ,TE,07, , ,085,1  ,   ,   ,   ,   ,   ,   ,  ,24,00079412,01, , 434,37404,  , , , ,002, 4,  ,    ,"
"08,860714,29,2,590,I ,014,  ,      ,   ,   ,   ,   ,TL,  ,TE,07, , ,063,1  ,   ,   ,   ,   ,   ,   ,  ,24,00079327,01, , 576,37391,  , , , ,002, 4,  ,    ,"
"28,860714,29,2,590,I ,014,  ,      ,   ,   ,   ,   ,TL,  ,TE,07, , ,066,1  ,   ,   ,   ,   ,   ,   ,  ,24,00079329,01, , 478,37392,  , , , ,002, 4,  ,    ,"
"22,860714,29,2,590,I ,014,  ,      ,   ,   ,   ,   ,TL,G ,TE,07, , ,024,1  ,   ,   ,   ,   ,   ,   ,OT,24,00079330,01,F, 314,37407,06, ,K, ,002, 4,01,0220,"
"24,860714,29,2,590,I ,014,  ,      ,   ,   ,   ,   ,TL,  ,TE,07, , ,046,1  ,   ,   ,   ,   ,   ,   ,  ,24,00079332,01, , 442,37409,  , , , ,002, 4,  ,    ,"
"90,860716,29,2,590,I ,014,  ,      ,   ,   ,   ,   ,TL,  ,TE,07, , ,066,1  ,   ,   ,   ,   ,   ,   ,  ,24,00079334,01, , 344,37454,  , , , ,002, 4,  ,    ,"
"92,860716,29,2,590,I ,014,  ,      ,   ,   ,   ,   ,TL,  ,TE,07, , ,012,1  ,   ,   ,   ,   ,   ,   ,  ,24,00079335,01, , 395,37455,  , , , ,002, 4,  ,    ,"
"86,860716,29,2,590,I ,014,  ,      ,   ,   ,   ,   ,TL,  ,TE,07, , ,083,1  ,   ,   ,   ,   ,   ,   ,  ,24,00079342,01, , 452,37458,  , , , ,002, 4,  ,    ,"
"94,860716,29,2,590,I ,014,  ,      ,   ,   ,   ,   ,TL,  ,TE,07, , ,069,1  ,   ,   ,   ,   ,   ,   ,  ,24,00079341,01, , 388,37459,  , , , ,002, 4,  ,    ,"
"87,860716,29,2,590,I ,014,  ,      ,   ,   ,   ,   ,TL,  ,TE,07, , ,082,1  ,   ,   ,   ,   ,   ,   ,  ,24,00079272,02, , 445,37453,  , , , ,002, 4,  ,    ,"
"85,860716,29,2,590,I ,014,  ,      ,   ,   ,   ,   ,TL,  ,TE,07, , ,049,1  ,   ,   ,   ,   ,   ,   ,  ,24,00079270,03, , 390,37463,  , , , ,002, 4,  ,    ,"
"85,860716,29,2,590,I ,014,  ,      ,   ,   ,   ,   ,TL,  ,TE,07, , ,049,1  ,   ,   ,   ,   ,   ,   ,  ,24,00079270,02, , 384,37462,  , , , ,002, 4,  ,    ,"
"02,860716,29,2,590,I ,014,  ,      ,   ,   ,   ,   ,TL,  ,TE,07, , ,061,1  ,   ,   ,   ,   ,   ,   ,  ,24,00079268,01, , 390,37465,  , , , ,002, 4,  ,    ,"
"16,860714,29,2,590,I ,014,  ,      ,   ,   ,   ,   ,TL,  ,TE,07, , ,050,1  ,   ,   ,   ,   ,   ,   ,  ,24,00075853,02, , 391,37400,  , , , ,002, 4,  ,    ,"
"06,860716,29,2,590,I ,014,  ,      ,   ,   ,   ,   ,TL,  ,TE,07, , ,040,1  ,   ,   ,   ,   ,   ,   ,  ,24,00079278,01, , 366,37446,  , , , ,002, 4,  ,    ,"
"67,860715,29,2,590,I ,014,  ,      ,   ,   ,   ,   ,TL,  ,TE,07, , ,048,1  ,   ,   ,   ,   ,   ,   ,  ,24,00079362,01, , 511,37424,  , , , ,002, 4,  ,    ,"
"66,860715,29,2,590,I ,014,  ,      ,   ,   ,   ,   ,TL,  ,TE,07, , ,006,1  ,   ,   ,   ,   ,   ,   ,  ,24,00079343,01, , 330,37438,  , , , ,002, 4,  ,    ,"
"66,860715,29,2,590,I ,014,  ,      ,   ,   ,   ,   ,TL,  ,TE,07, , ,006,1  ,   ,   ,   ,   ,   ,   ,  ,24,00079343,02, , 288,37439,  , , , ,002, 4,  ,    ,"
"75,860715,29,2,590,I ,014,  ,      ,   ,   ,   ,   ,TL,  ,TE,07, , ,022,1  ,   ,   ,   ,   ,   ,   ,  ,24,00079344,01, , 412,37437,  , , , ,002, 4,  ,    ,"
"80,860715,29,2,590,I ,014,  ,      ,   ,   ,   ,   ,TL,  ,TE,07, , ,076,1  ,   ,   ,   ,   ,   ,   ,  ,24,00079345,01, , 386,37436,  , , , ,002, 4,  ,    ,"
"79,860715,29,2,590,I ,014,  ,      ,   ,   ,   ,   ,TL,  ,TE,07, , ,051,1  ,   ,   ,   ,   ,   ,   ,  ,24,00079346,01, , 485,37435,  , , , ,002, 4,  ,    ,"
"82,860715,29,2,590,I ,014,  ,      ,   ,   ,   ,   ,TL,  ,TE,07, , ,093,1  ,   ,   ,   ,   ,   ,   ,  ,24,00079347,01, , 427,37433,  , , , ,002, 4,  ,    ,"
"82,860715,29,2,590,I ,014,  ,      ,   ,   ,   ,   ,TL,  ,TE,07, , ,093,1  ,   ,   ,   ,   ,   ,   ,  ,24,00079347,02, , 459,37434,  , , , ,002, 4,  ,    ,"
"77,860715,29,2,590,I ,014,  ,      ,   ,   ,   ,   ,TL,  ,TE,07, , ,044,1  ,   ,   ,   ,   ,   ,   ,  ,24,00079348,01, , 525,37432,  , , , ,002, 4,  ,    ,"
"74,860715,29,2,590,I ,014,  ,      ,   ,   ,   ,   ,TL,  ,TE,07, , ,037,1  ,   ,   ,   ,   ,   ,   ,  ,24,00079349,01, , 432,37430,  , , , ,002, 4,  ,    ,"
"74,860715,29,2,590,I ,014,  ,      ,   ,   ,   ,   ,TL,  ,TE,07, , ,037,1  ,   ,   ,   ,   ,   ,   ,  ,24,00079349,02, , 387,37431,  , , , ,002, 4,  ,    ,"
"68,860715,29,2,590,I ,014,  ,      ,   ,   ,   ,   ,TL,  ,TE,07, , ,026,1  ,   ,   ,   ,   ,   ,   ,  ,24,00079350,01, , 404,37429,  , , , ,002, 4,  ,    ,"
"70,860715,29,2,590,I ,014,  ,      ,   ,   ,   ,   ,TL,  ,TE,07, , ,094,1  ,   ,   ,   ,   ,   ,   ,  ,24,00079351,01, , 486,37428,  , , , ,002, 4,  ,    ,"
"81,860715,29,2,590,I ,014,  ,      ,   ,   ,   ,   ,TL,  ,TE,07, , ,009,1  ,   ,   ,   ,   ,   ,   ,  ,24,00079352,01, , 399,37427,  , , , ,002, 4,  ,    ,"
"72,860715,29,2,590,I ,014,  ,      ,   ,   ,   ,   ,TL,  ,TE,07, , ,020,1  ,   ,   ,   ,   ,   ,   ,  ,24,00079353,01, , 421,37426,  , , , ,002, 4,  ,    ,"
"63,860715,29,2,590,I ,014,  ,      ,   ,   ,   ,   ,TL,  ,TE,07, , ,004,1  ,   ,   ,   ,   ,   ,   ,  ,24,00079354,01, , 312,37426,  , , , ,002, 4,  ,    ,"
"64,860715,29,2,590,I ,014,  ,      ,   ,   ,   ,   ,TL,  ,TE,07, , ,090,1  ,   ,   ,   ,   ,   ,   ,  ,24,00079356,01, , 731,37418,  , , , ,002, 4,  ,    ,"
"62,860715,29,2,590,I ,014,  ,      ,   ,   ,   ,   ,TL,  ,TE,07, , ,041,1  ,   ,   ,   ,   ,   ,   ,  ,24,00079357,01, , 429,37419,  , , , ,002, 4,  ,    ,"
"73,860715,29,2,590,I ,014,  ,      ,   ,   ,   ,   ,TL,  ,TE,07, , ,018,1  ,   ,   ,   ,   ,   ,   ,  ,24,00079358,01, , 625,37416,  , , , ,002, 4,  ,    ,"
"73,860715,29,2,590,I ,014,  ,      ,   ,   ,   ,   ,TL,  ,TE,07, , ,018,1  ,   ,   ,   ,   ,   ,   ,  ,24,00079358,02, , 437,37417,  , , , ,002, 4,  ,    ,"
"61,860715,29,2,590,I ,014,  ,      ,   ,   ,   ,   ,TL,  ,TE,07, , ,025,1  ,   ,   ,   ,   ,   ,   ,  ,24,00079359,01, , 456,37420,  , , , ,002, 4,  ,    ,"
"71,860715,29,2,590,I ,014,  ,      ,   ,   ,   ,   ,TL,  ,TE,07, , ,014,1  ,   ,   ,   ,   ,   ,   ,  ,24,00079361,01, , 425,37421,  , , , ,002, 4,  ,    ,"
"71,860715,29,2,590,I ,014,  ,      ,   ,   ,   ,   ,TL,  ,TE,07, , ,014,1  ,   ,   ,   ,   ,   ,   ,  ,24,00079361,02, , 428,37422,  , , , ,002, 4,  ,    ,"
"69,860715,29,2,590,I ,014,  ,      ,   ,   ,   ,   ,TL,  ,TE,07, , ,077,1  ,   ,   ,   ,   ,   ,   ,  ,24,00079363,01, , 408,37423,  , , , ,002, 4,  ,    ,"
"26,860903,36,2,590,I ,014,  ,      ,   ,   ,   ,   ,TL,  ,TE,07, , ,081,0  ,   ,   ,   ,   ,   ,   ,  ,  ,00067368,01, , 385,     ,  ,I, , ,   ,  ,  ,    ,"
"27,860903,36,2,590,I ,014,  ,      ,   ,   ,   ,   ,TL,  ,TE,07, , ,096,0  ,   ,   ,   ,   ,   ,   ,  ,  ,00067369,01, , 494,     ,  ,I, , ,   ,  ,  ,    ,"
"28,860903,36,2,590,I ,014,  ,      ,   ,   ,   ,   ,TL,  ,TE,07, , ,030,0  ,   ,   ,   ,   ,   ,   ,  ,  ,00067370,01, , 459,     ,  ,I, , ,   ,  ,  ,    ,"
"29,860903,36,2,590,I ,014,  ,      ,   ,   ,   ,   ,TL,  ,TE,07, , ,090,0  ,   ,   ,   ,   ,   ,   ,  ,  ,00067371,01, , 392,     ,  ,I, , ,   ,  ,  ,    ,"
"01,860901,36,1,590,I ,014,  ,      ,   ,   ,   ,   ,TL,  ,TE,07, , ,085,0  ,   ,   ,   ,   ,   ,   ,  ,  ,00067372,01, , 409,     ,  ,I, , ,   ,  ,  ,    ,"
"01,860901,36,1,590,I ,014,  ,      ,   ,   ,   ,   ,TL,  ,TE,07, , ,085,0  ,   ,   ,   ,   ,   ,   ,  ,  ,00067372,02, , 373,     ,  ,I, , ,   ,  ,  ,    ,"
"27,860829,35,2,590,I ,014,  ,      ,   ,   ,   ,   ,TL,  ,TE,07, , ,070,0  ,   ,   ,   ,   ,   ,   ,  ,  ,00067400,01, , 527,     ,  ,I, , ,   ,  ,  ,    ,"
"27,860829,35,2,590,I ,014,  ,      ,   ,   ,   ,   ,TL,  ,TE,07, , ,070,0  ,   ,   ,   ,   ,   ,   ,  ,  ,00067400,02, , 365,     ,  ,I, , ,   ,  ,  ,    ,"
"27,860829,35,2,590,I ,014,  ,      ,   ,   ,   ,   ,TL,  ,TE,07, , ,070,0  ,   ,   ,   ,   ,   ,   ,  ,  ,00067400,03, , 533,     ,  ,I, , ,   ,  ,  ,    ,"
"27,860829,35,2,590,I ,014,  ,      ,   ,   ,   ,   ,TL,  ,TE,07, , ,070,0  ,   ,   ,   ,   ,   ,   ,  ,  ,00067400,04, , 412,     ,  ,I, , ,   ,  ,  ,    ,"
"29,860829,35,2,590,I ,014,  ,      ,   ,   ,   ,   ,TL,  ,TE,07, , ,065,0  ,   ,   ,   ,   ,   ,   ,  ,  ,00067401,01, , 374,     ,  ,I, , ,   ,  ,  ,    ,"
"29,860829,35,2,590,I ,014,  ,      ,   ,   ,   ,   ,TL,  ,TE,07, , ,065,0  ,   ,   ,   ,   ,   ,   ,  ,  ,00067401,02, , 375,     ,  ,I, , ,   ,  ,  ,    ,"
"31,860829,35,2,590,I ,014,  ,      ,   ,   ,   ,   ,TL,  ,TE,07, , ,016,0  ,   ,   ,   ,   ,   ,   ,  ,24,00067402,01, , 431,30770,  , , ,Y,002, 4,  ,    ,"
"33,860829,35,2,590,I ,014,  ,      ,   ,   ,   ,   ,TL,  ,TE,07, , ,106,0  ,   ,   ,   ,   ,   ,   ,  ,  ,00067403,01, , 398,     ,  ,I, , ,   ,  ,  ,    ,"
"33,860829,35,2,590,I ,014,  ,      ,   ,   ,   ,   ,TL,  ,TE,07, , ,106,0  ,   ,   ,   ,   ,   ,   ,  ,  ,00067403,02, , 399,     ,  ,I, , ,   ,  ,  ,    ,"
"37,860829,35,2,590,I ,014,  ,      ,   ,   ,   ,   ,TL,  ,TE,07, , ,101,0  ,   ,   ,   ,   ,   ,   ,  ,  ,00067404,01, , 387,     ,  ,I, , ,   ,  ,  ,    ,"
"37,860829,35,2,590,I ,014,  ,      ,   ,   ,   ,   ,TL,  ,TE,07, , ,101,0  ,   ,   ,   ,   ,   ,   ,  ,  ,00067404,02, , 424,     ,  ,I, , ,   ,  ,  ,    ,"
"35,860829,35,2,590,I ,014,  ,      ,   ,   ,   ,   ,TL,  ,TE,07, , ,046,0  ,   ,   ,   ,   ,   ,   ,  ,24,00067405,01, , 517,30737,  , , ,Y,002, 4,  ,    ,"
"35,860829,35,2,590,I ,014,  ,      ,   ,   ,   ,   ,TL,  ,TE,07, , ,046,0  ,   ,   ,   ,   ,   ,   ,  ,  ,00067405,02, , 381,     ,  ,I, , ,   ,  ,  ,    ,"
"36,860829,35,2,590,I ,014,  ,      ,   ,   ,   ,   ,TL,  ,TE,07, , ,016,0  ,   ,   ,   ,   ,   ,   ,  ,  ,00067406,01, , 255,     ,  ,I, , ,   ,  ,  ,    ,"
"39,860829,35,2,590,I ,014,  ,      ,   ,   ,   ,   ,TL,  ,TE,07, , ,105,0  ,   ,   ,   ,   ,   ,   ,  ,  ,00067407,01, , 400,     ,  ,I, , ,   ,  ,  ,    ,"
"39,860829,35,2,590,I ,014,  ,      ,   ,   ,   ,   ,TL,  ,TE,07, , ,105,0  ,   ,   ,   ,   ,   ,   ,  ,  ,00067407,02, , 437,     ,  ,I, , ,   ,  ,  ,    ,"
"41,860829,35,2,590,I ,014,  ,      ,   ,   ,   ,   ,TL,  ,TE,07, , ,042,0  ,   ,   ,   ,   ,   ,   ,  ,  ,00067408,01, , 436,     ,  ,I, , ,   ,  ,  ,    ,"
"42,860829,35,2,590,I ,014,  ,      ,   ,   ,   ,   ,TL,  ,TE,07, , ,048,0  ,   ,   ,   ,   ,   ,   ,  ,  ,00067409,01, , 331,     ,  ,I, , ,   ,  ,  ,    ,"
"18,860829,35,2,590,I ,014,  ,      ,   ,   ,   ,   ,TL,  ,TE,07, , ,034,0  ,   ,   ,   ,   ,   ,   ,  ,  ,00067410,01, , 252,     ,  ,I, , ,   ,  ,  ,    ,"
"20,860829,35,2,590,I ,014,  ,      ,   ,   ,   ,   ,TL,  ,TE,07, , ,043,0  ,   ,   ,   ,   ,   ,   ,  ,  ,00067411,01, , 443,     ,  ,I, , ,   ,  ,  ,    ,"
"21,860829,35,2,590,I ,014,  ,      ,   ,   ,   ,   ,TL,  ,TE,07, , ,009,0  ,   ,   ,   ,   ,   ,   ,  ,  ,00067412,01, , 387,     ,  ,I, , ,   ,  ,  ,    ,"
"23,860829,35,2,590,I ,014,  ,      ,   ,   ,   ,   ,TL,  ,TE,07, , ,014,0  ,   ,   ,   ,   ,   ,   ,  ,24,00067413,01, , 385,37393,  , , ,Y,002, 4,  ,    ,"
"26,860829,35,2,590,I ,014,  ,      ,   ,   ,   ,   ,TL,  ,TE,07, , ,035,0  ,   ,   ,   ,   ,   ,   ,  ,  ,00067414,01, , 361,     ,  ,I, , ,   ,  ,  ,    ,"
"17,860829,35,2,590,I ,014,  ,      ,   ,   ,   ,   ,TL,  ,TE,07, , ,001,0  ,   ,   ,   ,   ,   ,   ,  ,  ,00067415,01, , 310,     ,  ,I, , ,   ,  ,  ,    ,"
"19,860829,35,2,590,I ,014,  ,      ,   ,   ,   ,   ,TL,  ,TE,07, , ,037,0  ,   ,   ,   ,   ,   ,   ,  ,  ,00067416,01, , 398,     ,  ,I, , ,   ,  ,  ,    ,"
"19,860829,35,2,590,I ,014,  ,      ,   ,   ,   ,   ,TL,  ,TE,07, , ,037,0  ,   ,   ,   ,   ,   ,   ,  ,  ,00067416,02, , 485,     ,  ,I, , ,   ,  ,  ,    ,"
"22,860829,35,2,590,I ,014,  ,      ,   ,   ,   ,   ,TL,  ,TE,07, , ,053,0  ,   ,   ,   ,   ,   ,   ,  ,  ,00067417,01, , 355,     ,  ,I, , ,   ,  ,  ,    ,"
"22,860829,35,2,590,I ,014,  ,      ,   ,   ,   ,   ,TL,  ,TE,07, , ,053,0  ,   ,   ,   ,   ,   ,   ,  ,  ,00067417,02, , 426,     ,  ,I, , ,   ,  ,  ,    ,"
"24,860829,35,2,590,I ,014,  ,      ,   ,   ,   ,   ,TL,  ,TE,07, , ,089,0  ,   ,   ,   ,   ,   ,   ,  ,  ,00067418,01, , 355,     ,  ,I, , ,   ,  ,  ,    ,"
"25,860829,35,2,590,I ,014,  ,      ,   ,   ,   ,   ,TL,  ,TE,07, , ,023,0  ,   ,   ,   ,   ,   ,   ,  ,  ,00067419,01, , 525,     ,  ,I, , ,   ,  ,  ,    ,"
"28,860829,35,2,590,I ,014,  ,      ,   ,   ,   ,   ,TL,  ,TE,07, , ,063,0  ,   ,   ,   ,   ,   ,   ,  ,  ,00067420,01, , 564,     ,  ,I, , ,   ,  ,  ,    ,"
"28,860829,35,2,590,I ,014,  ,      ,   ,   ,   ,   ,TL,  ,TE,07, , ,063,0  ,   ,   ,   ,   ,   ,   ,  ,  ,00067420,02, , 433,     ,  ,I, , ,   ,  ,  ,    ,"
"28,860829,35,2,590,I ,014,  ,      ,   ,   ,   ,   ,TL,  ,TE,07, , ,063,0  ,   ,   ,   ,   ,   ,   ,  ,  ,00067420,03, , 476,     ,  ,I, , ,   ,  ,  ,    ,"
"30,860829,35,2,590,I ,014,  ,      ,   ,   ,   ,   ,TL,  ,TE,07, , ,025,0  ,   ,   ,   ,   ,   ,   ,  ,  ,00067421,01, , 401,     ,  ,I, , ,   ,  ,  ,    ,"
"32,860829,35,2,590,I ,014,  ,      ,   ,   ,   ,   ,TL,  ,TE,07, , ,093,0  ,   ,   ,   ,   ,   ,   ,  ,  ,00067422,01, , 371,     ,  ,I, , ,   ,  ,  ,    ,"
"32,860829,35,2,590,I ,014,  ,      ,   ,   ,   ,   ,TL,  ,TE,07, , ,093,0  ,   ,   ,   ,   ,   ,   ,  ,  ,00067422,02, , 401,     ,  ,I, , ,   ,  ,  ,    ,"
"34,860829,35,2,590,I ,014,  ,      ,   ,   ,   ,   ,TL,  ,TE,07, , ,087,0  ,   ,   ,   ,   ,   ,   ,  ,  ,00067423,01, , 354,     ,  ,I, , ,   ,  ,  ,    ,"
"38,860829,35,2,590,I ,014,  ,      ,   ,   ,   ,   ,TL,  ,TE,07, , ,082,0  ,   ,   ,   ,   ,   ,   ,  ,  ,00067424,01, , 483,     ,  ,I, , ,   ,  ,  ,    ,"
"38,860829,35,2,590,I ,014,  ,      ,   ,   ,   ,   ,TL,  ,TE,07, , ,082,0  ,   ,   ,   ,   ,   ,   ,  ,  ,00067424,02, , 418,     ,  ,I, , ,   ,  ,  ,    ,"
"40,860829,35,2,590,I ,014,  ,      ,   ,   ,   ,   ,TL,  ,TE,07, , ,064,0  ,   ,   ,   ,   ,   ,   ,  ,  ,00067425,01, , 436,     ,  ,I, , ,   ,  ,  ,    ,"
"40,860829,35,2,590,I ,014,  ,      ,   ,   ,   ,   ,TL,  ,TE,07, , ,064,0  ,   ,   ,   ,   ,   ,   ,  ,  ,00067425,02, , 421,     ,  ,I, , ,   ,  ,  ,    ,"
"40,860829,35,2,590,I ,014,  ,      ,   ,   ,   ,   ,TL,  ,TE,07, , ,064,0  ,   ,   ,   ,   ,   ,   ,  ,  ,00067425,03, , 467,     ,  ,I, , ,   ,  ,  ,    ,"
"45,860904,36,2,590,I ,014,  ,      ,   ,   ,   ,   ,TL,  ,TE,07, , ,079,0  ,   ,   ,   ,   ,   ,   ,  ,  ,00067426,01, , 328,     ,  ,I, , ,   ,  ,  ,    ,"
"45,860904,36,2,590,I ,014,  ,      ,   ,   ,   ,   ,TL,  ,TE,07, , ,079,0  ,   ,   ,   ,   ,   ,   ,  ,  ,00067426,02, , 402,     ,  ,I, , ,   ,  ,  ,    ,"
"44,860904,36,2,590,I ,014,  ,      ,   ,   ,   ,   ,TL,  ,TE,07, , ,048,0  ,   ,   ,   ,   ,   ,   ,  ,  ,00067427,01, , 393,     ,  ,I, , ,   ,  ,  ,    ,"
"44,860904,36,2,590,I ,014,  ,      ,   ,   ,   ,   ,TL,  ,TE,07, , ,048,0  ,   ,   ,   ,   ,   ,   ,  ,  ,00067427,02, , 375,     ,  ,I, , ,   ,  ,  ,    ,"
"43,860904,36,2,590,I ,014,  ,      ,   ,   ,   ,   ,TL,  ,TE,07, , ,040,0  ,   ,   ,   ,   ,   ,   ,  ,  ,00067428,01, , 475,     ,  ,I, , ,   ,  ,  ,    ,"
"42,860904,36,2,590,I ,014,  ,      ,   ,   ,   ,   ,TL,  ,TE,07, , ,061,0  ,   ,   ,   ,   ,   ,   ,  ,  ,00067429,01, , 467,     ,  ,I, , ,   ,  ,  ,    ,"
"41,860904,36,2,590,I ,014,  ,      ,   ,   ,   ,   ,TL,  ,TE,07, , ,063,0  ,   ,   ,   ,   ,   ,   ,  ,  ,00067430,01, , 412,     ,  ,I, , ,   ,  ,  ,    ,"
"41,860904,36,2,590,I ,014,  ,      ,   ,   ,   ,   ,TL,  ,TE,07, , ,063,0  ,   ,   ,   ,   ,   ,   ,  ,  ,00067430,02, , 464,     ,  ,I, , ,   ,  ,  ,    ,"
"40,860904,36,2,590,I ,014,  ,      ,   ,   ,   ,   ,TL,  ,TE,07, , ,087,0  ,   ,   ,   ,   ,   ,   ,  ,  ,00067431,01, , 451,     ,  ,I, , ,   ,  ,  ,    ,"
"39,860904,36,2,590,I ,014,  ,      ,   ,   ,   ,   ,TL,  ,TE,07, , ,038,0  ,   ,   ,   ,   ,   ,   ,  ,  ,00067432,01, , 458,     ,  ,I, , ,   ,  ,  ,    ,"
"38,860904,36,2,590,I ,014,  ,      ,   ,   ,   ,   ,TL,  ,TE,07, , ,019,0  ,   ,   ,   ,   ,   ,   ,  ,  ,00067433,01, , 384,     ,  ,R, ,Y,002,  ,  ,    ,"
"37,860904,36,2,590,I ,014,  ,      ,   ,   ,   ,   ,TL,  ,TE,07, , ,035,0  ,   ,   ,   ,   ,   ,   ,  ,  ,00067434,01, , 453,     ,  ,I, , ,   ,  ,  ,    ,"
"36,860904,36,2,590,I ,014,  ,      ,   ,   ,   ,   ,TL,  ,TE,07, , ,099,0  ,   ,   ,   ,   ,   ,   ,  ,  ,00067435,01, , 393,     ,  ,I, , ,   ,  ,  ,    ,"
"36,860904,36,2,590,I ,014,  ,      ,   ,   ,   ,   ,TL,  ,TE,07, , ,099,0  ,   ,   ,   ,   ,   ,   ,  ,  ,00067435,02, , 302,     ,  ,I, , ,   ,  ,  ,    ,"
"17,860902,36,2,590,I ,014,  ,      ,   ,   ,   ,   ,TL,  ,TE,07, , ,034,0  ,   ,   ,   ,   ,   ,   ,  ,  ,00067436,01, , 391,     ,  ,I, , ,   ,  ,  ,    ,"
"08,860902,36,2,590,I ,014,  ,      ,   ,   ,   ,   ,TL,  ,TE,07, , ,089,0  ,   ,   ,   ,   ,   ,   ,  ,  ,00067437,01, , 335,     ,  ,I, , ,   ,  ,  ,    ,"
"09,860902,36,2,590,I ,014,  ,      ,   ,   ,   ,   ,TL,  ,TE,07, , ,046,0  ,   ,   ,   ,   ,   ,   ,  ,  ,00067438,01, , 355,     ,  ,I, , ,   ,  ,  ,    ,"
"10,860902,36,2,590,I ,014,  ,      ,   ,   ,   ,   ,TL,  ,TE,07, , ,029,0  ,   ,   ,   ,   ,   ,   ,  ,  ,00067439,01, , 379,     ,  ,I, , ,   ,  ,  ,    ,"
"11,860902,36,2,590,I ,014,  ,      ,   ,   ,   ,   ,TL,  ,TE,07, , ,053,0  ,   ,   ,   ,   ,   ,   ,  ,  ,00067440,01, , 305,     ,  ,I, , ,   ,  ,  ,    ,"
"12,860902,36,2,590,I ,014,  ,      ,   ,   ,   ,   ,TL,  ,TE,07, , ,001,0  ,   ,   ,   ,   ,   ,   ,  ,  ,00067441,01, , 478,     ,  ,I, , ,   ,  ,  ,    ,"
"13,860902,36,2,590,I ,014,  ,      ,   ,   ,   ,   ,TL,  ,TE,07, , ,048,0  ,   ,   ,   ,   ,   ,   ,  ,  ,00067442,01, , 353,     ,  ,I, , ,   ,  ,  ,    ,"
"14,860902,36,2,590,I ,014,  ,      ,   ,   ,   ,   ,TL,  ,TE,07, , ,064,0  ,   ,   ,   ,   ,   ,   ,  ,  ,00067443,01, , 418,     ,  ,I, , ,   ,  ,  ,    ,"
"06,860828,35,2,590,I ,014,  ,      ,   ,   ,   ,   ,TL,  ,TE,07, , ,010,0  ,   ,   ,   ,   ,   ,   ,  ,  ,00067444,01, , 551,     ,  ,I, , ,   ,  ,  ,    ,"
"07,860828,35,2,590,I ,014,  ,      ,   ,   ,   ,   ,TL,  ,TE,07, , ,006,0  ,   ,   ,   ,   ,   ,   ,  ,  ,00067445,01, , 320,     ,  ,I, , ,   ,  ,  ,    ,"
"07,860828,35,2,590,I ,014,  ,      ,   ,   ,   ,   ,TL,  ,TE,07, , ,006,0  ,   ,   ,   ,   ,   ,   ,  ,  ,00067445,02, , 397,     ,  ,I, , ,   ,  ,  ,    ,"
"05,860828,35,2,590,I ,014,  ,      ,   ,   ,   ,   ,TL,  ,TE,07, , ,012,0  ,   ,   ,   ,   ,   ,   ,  ,24,00067446,01, , 415,30833,  , , ,Y,002, 4,  ,    ,"
"04,860828,35,2,590,I ,014,  ,      ,   ,   ,   ,   ,TL,  ,TE,07, , ,104,0  ,   ,   ,   ,   ,   ,   ,  ,  ,00067447,01, , 345,     ,  ,I, , ,   ,  ,  ,    ,"
"03,860828,35,2,590,I ,014,  ,      ,   ,   ,   ,   ,TL,  ,TE,07, , ,060,0  ,   ,   ,   ,   ,   ,   ,  ,  ,00067448,01, , 344,     ,  ,I, , ,   ,  ,  ,    ,"
"03,860828,35,2,590,I ,014,  ,      ,   ,   ,   ,   ,TL,  ,TE,07, , ,060,0  ,   ,   ,   ,   ,   ,   ,  ,  ,00067448,02, , 436,     ,  ,I, , ,   ,  ,  ,    ,"
"03,860828,35,2,590,I ,014,  ,      ,   ,   ,   ,   ,TL,  ,TE,07, , ,060,0  ,   ,   ,   ,   ,   ,   ,  ,  ,00067448,03, , 363,     ,  ,I, , ,   ,  ,  ,    ,"
"02,860828,35,2,590,I ,014,  ,      ,   ,   ,   ,   ,TL,  ,TE,07, , ,076,0  ,   ,   ,   ,   ,   ,   ,  ,  ,00067449,01, , 358,     ,  ,I, , ,   ,  ,  ,    ,"
"02,860828,35,2,590,I ,014,  ,      ,   ,   ,   ,   ,TL,  ,TE,07, , ,076,0  ,   ,   ,   ,   ,   ,   ,  ,  ,00067449,02, , 380,     ,  ,I, , ,   ,  ,  ,    ,"
"14,860828,35,2,590,I ,014,  ,      ,   ,   ,   ,   ,TL,  ,TE,07, , ,083,0  ,   ,   ,   ,   ,   ,   ,  ,  ,00067450,01, , 324,     ,  ,I, , ,   ,  ,  ,    ,"
"14,860828,35,2,590,I ,014,  ,      ,   ,   ,   ,   ,TL,  ,TE,07, , ,083,0  ,   ,   ,   ,   ,   ,   ,  ,  ,00067450,02, , 488,     ,  ,I, , ,   ,  ,  ,    ,"
"14,860828,35,2,590,I ,014,  ,      ,   ,   ,   ,   ,TL,  ,TE,07, , ,083,0  ,   ,   ,   ,   ,   ,   ,  ,  ,00067450,03, , 344,     ,  ,I, , ,   ,  ,  ,    ,"
"09,860828,35,2,590,I ,014,  ,      ,   ,   ,   ,   ,TL,  ,TE,07, , ,036,0  ,   ,   ,   ,   ,   ,   ,  ,  ,00067451,01, , 362,     ,  ,I, , ,   ,  ,  ,    ,"
"11,860828,35,2,590,I ,014,  ,      ,   ,   ,   ,   ,TL,  ,TE,07, , ,021,0  ,   ,   ,   ,   ,   ,   ,  ,  ,00067453,01, , 412,     ,  ,I, , ,   ,  ,  ,    ,"
"16,860828,35,2,590,I ,014,  ,      ,   ,   ,   ,   ,TL,  ,TE,07, , ,015,0  ,   ,   ,   ,   ,   ,   ,  ,  ,00067454,01, , 385,     ,  ,I, , ,   ,  ,  ,    ,"
"08,860828,35,2,590,I ,014,  ,      ,   ,   ,   ,   ,TL,  ,TE,07, , ,086,0  ,   ,   ,   ,   ,   ,   ,  ,  ,00067459,01, , 495,     ,  ,I, , ,   ,  ,  ,    ,"
"10,860828,35,2,590,I ,014,  ,      ,   ,   ,   ,   ,TL,  ,TE,07, , ,077,0  ,   ,   ,   ,   ,   ,   ,  ,  ,00067460,01, , 344,     ,  ,I, , ,   ,  ,  ,    ,"
"13,860828,35,2,590,I ,014,  ,      ,   ,   ,   ,   ,TL,  ,TE,07, , ,058,0  ,   ,   ,   ,   ,   ,   ,  ,  ,00067461,01, , 320,     ,  ,I, , ,   ,  ,  ,    ,"
"15,860828,35,2,590,I ,014,  ,      ,   ,   ,   ,   ,TL,  ,TE,07, , ,078,0  ,   ,   ,   ,   ,   ,   ,  ,24,00067463,01, , 370,30796,  , , ,Y,002, 4,  ,    ,"
"00,860901,36,1,590,I ,014,  ,      ,   ,   ,   ,   ,TL,  ,TE,07, , ,031,0  ,   ,   ,   ,   ,   ,   ,  ,  ,00067555,01, , 585,     ,  ,I, , ,   ,  ,  ,    ,"
"20,860903,36,2,590,I ,014,  ,      ,   ,   ,   ,   ,TL,  ,TE,07, , ,039,0  ,   ,   ,   ,   ,   ,   ,  ,  ,00067558,01, , 446,     ,  ,I, , ,   ,  ,  ,    ,"
"20,860903,36,2,590,I ,014,  ,      ,   ,   ,   ,   ,TL,  ,TE,07, , ,039,0  ,   ,   ,   ,   ,   ,   ,  ,  ,00067558,02, , 499,     ,  ,I, , ,   ,  ,  ,    ,"
"20,860903,36,2,590,I ,014,  ,      ,   ,   ,   ,   ,TL,  ,TE,07, , ,039,0  ,   ,   ,   ,   ,   ,   ,  ,  ,00067558,03, , 469,     ,  ,I, , ,   ,  ,  ,    ,"
"20,860903,36,2,590,I ,014,  ,      ,   ,   ,   ,   ,TL,  ,TE,07, , ,039,0  ,   ,   ,   ,   ,   ,   ,  ,  ,00067558,04, , 396,     ,  ,I, , ,   ,  ,  ,    ,"
"21,860903,36,2,590,I ,014,  ,      ,   ,   ,   ,   ,TL,  ,TE,07, , ,021,0  ,   ,   ,   ,   ,   ,   ,  ,  ,00067559,01, , 412,     ,  ,I, , ,   ,  ,  ,    ,"
"21,860903,36,2,590,I ,014,  ,      ,   ,   ,   ,   ,TL,  ,TE,07, , ,021,0  ,   ,   ,   ,   ,   ,   ,  ,  ,00067559,02, , 486,     ,  ,I, , ,   ,  ,  ,    ,"
"22,860903,36,2,590,I ,014,  ,      ,   ,   ,   ,   ,TL,  ,TE,07, , ,085,0  ,   ,   ,   ,   ,   ,   ,  ,  ,00067560,01, , 462,     ,  ,I, , ,   ,  ,  ,    ,"
"22,860903,36,2,590,I ,014,  ,      ,   ,   ,   ,   ,TL,  ,TE,07, , ,085,0  ,   ,   ,   ,   ,   ,   ,  ,  ,00067560,02, , 480,     ,  ,I, , ,   ,  ,  ,    ,"
"23,860903,36,2,590,I ,014,  ,      ,   ,   ,   ,   ,TL,  ,TE,07, , ,041,0  ,   ,   ,   ,   ,   ,   ,  ,  ,00067561,01, , 451,     ,  ,I, , ,   ,  ,  ,    ,"
"24,860903,36,2,590,I ,014,  ,      ,   ,   ,   ,   ,TL,  ,TE,07, , ,051,0  ,   ,   ,   ,   ,   ,   ,  ,  ,00067562,01, , 462,     ,  ,I, , ,   ,  ,  ,    ,"
"25,860903,36,2,590,I ,014,  ,      ,   ,   ,   ,   ,TL,  ,TE,07, , ,052,0  ,   ,   ,   ,   ,   ,   ,  ,24,00067563,01, , 524,37397,  , , ,Y,002, 4,  ,    ,"
"46,860904,36,2,590,I ,014,  ,      ,   ,   ,   ,   ,TL,  ,TE,07, , ,043,0  ,   ,   ,   ,   ,   ,   ,  ,  ,00067564,01, , 538,     ,  ,I, , ,   ,  ,  ,    ,"
"47,860904,36,2,590,I ,014,  ,      ,   ,   ,   ,   ,TL,  ,TE,07, , ,065,0  ,   ,   ,   ,   ,   ,   ,  ,  ,00067565,01, , 504,     ,  ,I, , ,   ,  ,  ,    ,"
"99,860901,36,1,590,I ,014,  ,      ,   ,   ,   ,   ,TL,  ,TE,07, , ,086,0  ,   ,   ,   ,   ,   ,   ,  ,  ,00067566,01, , 366,     ,  ,I, , ,   ,  ,  ,    ,"
"98,860901,36,1,590,I ,014,  ,      ,   ,   ,   ,   ,TL,  ,TE,07, , ,044,0  ,   ,   ,   ,   ,   ,   ,  ,  ,00067567,01, , 383,     ,  ,I, , ,   ,  ,  ,    ,"
"97,860901,36,1,590,I ,014,  ,      ,   ,   ,   ,   ,TL,  ,TE,07, , ,067,0  ,   ,   ,   ,   ,   ,   ,  ,  ,00067568,01, , 421,     ,  ,I, , ,   ,  ,  ,    ,"
"97,860901,36,1,590,I ,014,  ,      ,   ,   ,   ,   ,TL,  ,TE,07, , ,067,0  ,   ,   ,   ,   ,   ,   ,  ,  ,00067568,02, , 422,     ,  ,I, , ,   ,  ,  ,    ,"
"96,860901,36,1,590,I ,014,  ,      ,   ,   ,   ,   ,TL,  ,TE,07, , ,003,0  ,   ,   ,   ,   ,   ,   ,  ,  ,00067569,01, , 479,     ,  ,I, , ,   ,  ,  ,    ,"
"95,860901,36,1,590,I ,014,  ,      ,   ,   ,   ,   ,TL,  ,TE,07, , ,080,0  ,   ,   ,   ,   ,   ,   ,  ,  ,00067570,01, , 441,     ,  ,I, , ,   ,  ,  ,    ,"
"94,860901,36,1,590,I ,014,  ,      ,   ,   ,   ,   ,TL,  ,TE,07, , ,083,0  ,   ,   ,   ,   ,   ,   ,  ,24,00067571,01, , 440,37408,  , , ,Y,002, 4,  ,    ,"
"93,860901,36,1,590,I ,014,  ,      ,   ,   ,   ,   ,TL,  ,TE,07, , ,047,0  ,   ,   ,   ,   ,   ,   ,  ,  ,00067572,01, , 296,     ,  ,I, , ,   ,  ,  ,    ,"
"93,860901,36,1,590,I ,014,  ,      ,   ,   ,   ,   ,TL,  ,TE,07, , ,047,0  ,   ,   ,   ,   ,   ,   ,  ,  ,00067572,02, , 367,     ,  ,I, , ,   ,  ,  ,    ,"
"92,860901,36,1,590,I ,014,  ,      ,   ,   ,   ,   ,TL,  ,TE,07, , ,012,0  ,   ,   ,   ,   ,   ,   ,  ,  ,00067573,01, , 319,     ,  ,I, , ,   ,  ,  ,    ,"
"59,860904,36,2,590,I ,014,  ,      ,   ,   ,   ,   ,TL,  ,TE,07, , ,101,0  ,   ,   ,   ,   ,   ,   ,  ,  ,00067574,01, , 474,     ,  ,I, , ,   ,  ,  ,    ,"
"19,860902,36,2,590,I ,014,  ,      ,   ,   ,   ,   ,TL,  ,TE,07, , ,091,0  ,   ,   ,   ,   ,   ,   ,  ,  ,00067580,01, , 414,     ,  ,I, , ,   ,  ,  ,    ,"
"18,860902,36,2,590,I ,014,  ,      ,   ,   ,   ,   ,TL,  ,TE,07, , ,014,0  ,   ,   ,   ,   ,   ,   ,  ,  ,00067581,01, , 404,     ,  ,I, , ,   ,  ,  ,    ,"
"18,860902,36,2,590,I ,014,  ,      ,   ,   ,   ,   ,TL,  ,TE,07, , ,014,0  ,   ,   ,   ,   ,   ,   ,  ,  ,00067581,02, , 396,     ,  ,I, , ,   ,  ,  ,    ,"
"18,860902,36,2,590,I ,014,  ,      ,   ,   ,   ,   ,TL,  ,TE,07, , ,014,0  ,   ,   ,   ,   ,   ,   ,  ,  ,00067581,03, , 442,     ,  ,I, , ,   ,  ,  ,    ,"
"18,860902,36,2,590,I ,014,  ,      ,   ,   ,   ,   ,TL,  ,TE,07, , ,014,0  ,   ,   ,   ,   ,   ,   ,  ,  ,00067581,04, , 416,     ,  ,I, , ,   ,  ,  ,    ,"
"57,860904,36,2,590,I ,014,  ,      ,   ,   ,   ,   ,TL,  ,TE,07, , ,094,0  ,   ,   ,   ,   ,   ,   ,  ,24,00067582,01, , 444,37475,  , , ,Y,002, 4,  ,    ,"
"56,860904,36,2,590,I ,014,  ,      ,   ,   ,   ,   ,TL,  ,TE,07, , ,034,0  ,   ,   ,   ,   ,   ,   ,  ,  ,00067583,01, , 409,     ,  ,I, , ,   ,  ,  ,    ,"
"56,860904,36,2,590,I ,014,  ,      ,   ,   ,   ,   ,TL,  ,TE,07, , ,034,0  ,   ,   ,   ,   ,   ,   ,  ,  ,00067583,02, , 381,     ,  ,I, , ,   ,  ,  ,    ,"
"55,860904,36,2,590,I ,014,  ,      ,   ,   ,   ,   ,TL,  ,TE,07, , ,073,0  ,   ,   ,   ,   ,   ,   ,  ,  ,00067584,01, , 446,     ,  ,I, , ,   ,  ,  ,    ,"
"55,860904,36,2,590,I ,014,  ,      ,   ,   ,   ,   ,TL,  ,TE,07, , ,073,0  ,   ,   ,   ,   ,   ,   ,  ,  ,00067584,02, , 471,     ,  ,I, , ,   ,  ,  ,    ,"
"54,860904,36,2,590,I ,014,  ,      ,   ,   ,   ,   ,TL,  ,TE,07, , ,053,0  ,   ,   ,   ,   ,   ,   ,  ,  ,00067585,01, , 461,     ,  ,I, , ,   ,  ,  ,    ,"
"53,860904,36,2,590,I ,014,  ,      ,   ,   ,   ,   ,TL,  ,TE,07, , ,078,0  ,   ,   ,   ,   ,   ,   ,  ,  ,00067586,01, , 379,     ,  ,I, , ,   ,  ,  ,    ,"
"52,860904,36,2,590,I ,014,  ,      ,   ,   ,   ,   ,TL,  ,TE,07, , ,050,0  ,   ,   ,   ,   ,   ,   ,  ,  ,00067587,01, , 394,     ,  ,I, , ,   ,  ,  ,    ,"
"51,860904,36,2,590,I ,014,  ,      ,   ,   ,   ,   ,TL,  ,TE,07, , ,049,0  ,   ,   ,   ,   ,   ,   ,  ,  ,00067588,01, , 435,     ,  ,I, , ,   ,  ,  ,    ,"
"51,860904,36,2,590,I ,014,  ,      ,   ,   ,   ,   ,TL,  ,TE,07, , ,049,0  ,   ,   ,   ,   ,   ,   ,  ,  ,00067588,02, , 492,     ,  ,I, , ,   ,  ,  ,    ,"
"50,860904,36,2,590,I ,014,  ,      ,   ,   ,   ,   ,TL,  ,TE,07, , ,046,0  ,   ,   ,   ,   ,   ,   ,  ,  ,00067589,01, , 361,     ,  ,I, , ,   ,  ,  ,    ,"
"50,860904,36,2,590,I ,014,  ,      ,   ,   ,   ,   ,TL,  ,TE,07, , ,046,0  ,   ,   ,   ,   ,   ,   ,  ,  ,00067589,02, , 432,     ,  ,I, , ,   ,  ,  ,    ,"
"50,860904,36,2,590,I ,014,  ,      ,   ,   ,   ,   ,TL,  ,TE,07, , ,046,0  ,   ,   ,   ,   ,   ,   ,  ,  ,00067589,03, , 423,     ,  ,I, , ,   ,  ,  ,    ,"
"49,860904,36,2,590,I ,014,  ,      ,   ,   ,   ,   ,TL,  ,TE,07, , ,016,0  ,   ,   ,   ,   ,   ,   ,  ,  ,00067590,01, , 444,     ,  ,I, , ,   ,  ,  ,    ,"
"48,860904,36,2,590,I ,014,  ,      ,   ,   ,   ,   ,TL,  ,TE,07, , ,008,0  ,   ,   ,   ,   ,   ,   ,  ,  ,00067591,01, , 426,     ,  ,I, , ,   ,  ,  ,    ,"
"82,860831,36,1,590,I ,014,  ,      ,   ,   ,   ,   ,TL,  ,TE,07, , ,082,0  ,   ,   ,   ,   ,   ,   ,  ,24,00067592,01, , 437,37508,  , , ,Y,002, 4,  ,    ,"
"83,860831,36,1,590,I ,014,  ,      ,   ,   ,   ,   ,TL,  ,TE,07, , ,106,0  ,   ,   ,   ,   ,   ,   ,  ,  ,00067593,01, , 388,     ,  ,I, , ,   ,  ,  ,    ,"
"62,860831,36,1,590,I ,014,  ,      ,   ,   ,   ,   ,TL,  ,TE,07, , ,038,0  ,   ,   ,   ,   ,   ,   ,  ,  ,00067594,01, , 580,     ,  ,I, , ,   ,  ,  ,    ,"
"63,860831,36,1,590,I ,014,  ,      ,   ,   ,   ,   ,TL,  ,TE,07, , ,001,0  ,   ,   ,   ,   ,   ,   ,  ,  ,00067595,01, , 541,     ,  ,I, , ,   ,  ,  ,    ,"
"63,860831,36,1,590,I ,014,  ,      ,   ,   ,   ,   ,TL,  ,TE,07, , ,001,0  ,   ,   ,   ,   ,   ,   ,  ,  ,00067595,02, , 424,     ,  ,I, , ,   ,  ,  ,    ,"
"65,860831,36,1,590,I ,014,  ,      ,   ,   ,   ,   ,TL,  ,TE,07, , ,035,0  ,   ,   ,   ,   ,   ,   ,  ,  ,00067597,01, , 458,     ,  ,I, , ,   ,  ,  ,    ,"
"65,860831,36,1,590,I ,014,  ,      ,   ,   ,   ,   ,TL,  ,TE,07, , ,035,0  ,   ,   ,   ,   ,   ,   ,  ,  ,00067597,02, , 414,     ,  ,I, , ,   ,  ,  ,    ,"
"66,860831,36,1,590,I ,014,  ,      ,   ,   ,   ,   ,TL,  ,TE,07, , ,063,0  ,   ,   ,   ,   ,   ,   ,  ,  ,00067598,01, , 410,     ,  ,I, , ,   ,  ,  ,    ,"
"66,860831,36,1,590,I ,014,  ,      ,   ,   ,   ,   ,TL,  ,TE,07, , ,063,0  ,   ,   ,   ,   ,   ,   ,  ,  ,00067598,02, , 533,     ,  ,I, , ,   ,  ,  ,    ,"
"66,860831,36,1,590,I ,014,  ,      ,   ,   ,   ,   ,TL,  ,TE,07, , ,063,0  ,   ,   ,   ,   ,   ,   ,  ,  ,00067598,03, , 440,     ,  ,I, , ,   ,  ,  ,    ,"
"67,860831,36,1,590,I ,014,  ,      ,   ,   ,   ,   ,TL,  ,TE,07, , ,029,0  ,   ,   ,   ,   ,   ,   ,  ,  ,00067599,01, , 396,     ,  ,I, , ,   ,  ,  ,    ,"
"68,860831,36,1,590,I ,014,  ,      ,   ,   ,   ,   ,TL,  ,TE,07, , ,065,0  ,   ,   ,   ,   ,   ,   ,  ,24,00067600,01, , 411,37380,  , , ,Y,002, 4,  ,    ,"
"69,860831,36,1,590,I ,014,  ,      ,   ,   ,   ,   ,TL,  ,TE,07, , ,101,0  ,   ,   ,   ,   ,   ,   ,  ,  ,00067601,01, , 535,     ,  ,I,K, ,   ,  ,  ,    ,"
"69,860831,36,1,590,I ,014,  ,      ,   ,   ,   ,   ,TL,  ,TE,07, , ,101,0  ,   ,   ,   ,   ,   ,   ,  ,  ,00067601,02, , 429,     ,  ,I, , ,   ,  ,  ,    ,"
"70,860831,36,1,590,I ,014,  ,      ,   ,   ,   ,   ,TL,  ,TE,07, , ,053,0  ,   ,   ,   ,   ,   ,   ,  ,  ,00067602,01, , 357,     ,  ,I, , ,   ,  ,  ,    ,"
"71,860831,36,1,590,I ,014,  ,      ,   ,   ,   ,   ,TL,  ,TE,07, , ,014,0  ,   ,   ,   ,   ,   ,   ,  ,24,00067603,01, , 528,37384,  , , ,Y,002, 4,  ,    ,"
"71,860831,36,1,590,I ,014,  ,      ,   ,   ,   ,   ,TL,  ,TE,07, , ,014,0  ,   ,   ,   ,   ,   ,   ,  ,  ,00067603,02, , 375,     ,  ,I, , ,   ,  ,  ,    ,"
"72,860831,36,1,590,I ,014,  ,      ,   ,   ,   ,   ,TL,  ,TE,07, , ,042,0  ,   ,   ,   ,   ,   ,   ,  ,  ,00067604,01, , 397,     ,  ,I, , ,   ,  ,  ,    ,"
"72,860831,36,1,590,I ,014,  ,      ,   ,   ,   ,   ,TL,  ,TE,07, , ,042,0  ,   ,   ,   ,   ,   ,   ,  ,  ,00067604,02, , 427,     ,  ,I, , ,   ,  ,  ,    ,"
"73,860831,36,1,590,I ,014,  ,      ,   ,   ,   ,   ,TL,  ,TE,07, , ,093,0  ,   ,   ,   ,   ,   ,   ,  ,  ,00067605,01, , 344,     ,  ,I, , ,   ,  ,  ,    ,"
"73,860831,36,1,590,I ,014,  ,      ,   ,   ,   ,   ,TL,  ,TE,07, , ,093,0  ,   ,   ,   ,   ,   ,   ,  ,  ,00067605,02, , 378,     ,  ,I, , ,   ,  ,  ,    ,"
"74,860831,36,1,590,I ,014,  ,      ,   ,   ,   ,   ,TL,  ,TE,07, , ,019,0  ,   ,   ,   ,   ,   ,   ,  ,  ,00067606,01, , 506,     ,  ,I, , ,   ,  ,  ,    ,"
"75,860831,36,1,590,I ,014,  ,      ,   ,   ,   ,   ,TL,  ,TE,07, , ,105,0  ,   ,   ,   ,   ,   ,   ,  ,  ,00067607,01, , 466,     ,  ,I, , ,   ,  ,  ,    ,"
"89,860831,36,1,590,I ,014,  ,      ,   ,   ,   ,   ,TL,  ,TE,07, , ,073,0  ,   ,   ,   ,   ,   ,   ,  ,24,00067608,01, , 347,37421,  , , ,Y,002, 4,  ,    ,"
"89,860831,36,1,590,I ,014,  ,      ,   ,   ,   ,   ,TL,  ,TE,07, , ,073,0  ,   ,   ,   ,   ,   ,   ,  ,  ,00067608,02, , 376,     ,  ,I, , ,   ,  ,  ,    ,"
"84,860831,36,1,590,I ,014,  ,      ,   ,   ,   ,   ,TL,  ,TE,07, , ,055,0  ,   ,   ,   ,   ,   ,   ,  ,  ,00067609,01, , 344,     ,  ,I, , ,   ,  ,  ,    ,"
"85,860831,36,1,590,I ,014,  ,      ,   ,   ,   ,   ,TL,  ,TE,07, , ,004,0  ,   ,   ,   ,   ,   ,   ,  ,  ,00067610,01, , 465,     ,  ,I, , ,   ,  ,  ,    ,"
"86,860831,36,1,590,I ,014,  ,      ,   ,   ,   ,   ,TL,  ,TE,07, , ,078,0  ,   ,   ,   ,   ,   ,   ,  ,  ,00067611,01, , 328,     ,  ,I, , ,   ,  ,  ,    ,"
"86,860831,36,1,590,I ,014,  ,      ,   ,   ,   ,   ,TL,  ,TE,07, , ,078,0  ,   ,   ,   ,   ,   ,   ,  ,  ,00067611,02, , 343,     ,  ,I, , ,   ,  ,  ,    ,"
"87,860831,36,1,590,I ,014,  ,      ,   ,   ,   ,   ,TL,  ,TE,07, , ,050,0  ,   ,   ,   ,   ,   ,   ,  ,  ,00067612,01, , 446,     ,  ,I, , ,   ,  ,  ,    ,"
"87,860831,36,1,590,I ,014,  ,      ,   ,   ,   ,   ,TL,  ,TE,07, , ,050,0  ,   ,   ,   ,   ,   ,   ,  ,  ,00067612,02, , 340,     ,  ,I, , ,   ,  ,  ,    ,"
"88,860831,36,1,590,I ,014,  ,      ,   ,   ,   ,   ,TL,  ,TE,07, , ,079,0  ,   ,   ,   ,   ,   ,   ,  ,  ,00067613,01, , 381,     ,  ,I, , ,   ,  ,  ,    ,"
"90,860831,36,1,590,I ,014,  ,      ,   ,   ,   ,   ,TL,  ,TE,07, , ,094,0  ,   ,   ,   ,   ,   ,   ,  ,  ,00067614,01, , 234,     ,  ,I, , ,   ,  ,  ,    ,"
"91,860831,36,1,590,I ,014,  ,      ,   ,   ,   ,   ,TL,  ,TE,07, , ,087,0  ,   ,   ,   ,   ,   ,   ,  ,  ,00067615,01, , 344,     ,  ,I, , ,   ,  ,  ,    ,"
"76,860831,36,1,590,I ,014,  ,      ,   ,   ,   ,   ,TL,  ,TE,07, , ,091,0  ,   ,   ,   ,   ,   ,   ,  ,  ,00067616,01, , 391,     ,  ,I, , ,   ,  ,  ,    ,"
"77,860831,36,1,590,I ,014,  ,      ,   ,   ,   ,   ,TL,  ,TE,07, , ,089,0  ,   ,   ,   ,   ,   ,   ,  ,  ,00067617,01, , 724,     ,  ,I, , ,   ,  ,  ,    ,"
"78,860831,36,1,590,I ,014,  ,      ,   ,   ,   ,   ,TL,  ,TE,07, , ,025,0  ,   ,   ,   ,   ,   ,   ,  ,  ,00067618,01, , 483,     ,  ,I, , ,   ,  ,  ,    ,"
"78,860831,36,1,590,I ,014,  ,      ,   ,   ,   ,   ,TL,  ,TE,07, , ,025,0  ,   ,   ,   ,   ,   ,   ,  ,  ,00067618,02, , 454,     ,  ,I, , ,   ,  ,  ,    ,"
"78,860831,36,1,590,I ,014,  ,      ,   ,   ,   ,   ,TL,  ,TE,07, , ,025,0  ,   ,   ,   ,   ,   ,   ,  ,  ,00067618,03, , 370,     ,  ,I, , ,   ,  ,  ,    ,"
"79,860831,36,1,590,I ,014,  ,      ,   ,   ,   ,   ,TL,  ,TE,07, , ,023,0  ,   ,   ,   ,   ,   ,   ,  ,24,00067619,01, , 382,37469,  , , ,Y,002, 4,  ,    ,"
"79,860831,36,1,590,I ,014,  ,      ,   ,   ,   ,   ,TL,  ,TE,07, , ,023,0  ,   ,   ,   ,   ,   ,   ,  ,  ,00067619,02, , 372,     ,  ,I, , ,   ,  ,  ,    ,"
"79,860831,36,1,590,I ,014,  ,      ,   ,   ,   ,   ,TL,  ,TE,07, , ,023,0  ,   ,   ,   ,   ,   ,   ,  ,  ,00067619,03, , 412,     ,  ,I, , ,   ,  ,  ,    ,"
"80,860831,36,1,590,I ,014,  ,      ,   ,   ,   ,   ,TL,  ,TE,07, , ,005,0  ,   ,   ,   ,   ,   ,   ,  ,  ,00067620,01, , 433,     ,  ,I, , ,   ,  ,  ,    ,"
"80,860831,36,1,590,I ,014,  ,      ,   ,   ,   ,   ,TL,  ,TE,07, , ,005,0  ,   ,   ,   ,   ,   ,   ,  ,  ,00067620,02, , 396,     ,  ,I, , ,   ,  ,  ,    ,"
"81,860831,36,1,590,I ,014,  ,      ,   ,   ,   ,   ,TL,  ,TE,07, , ,071,0  ,   ,   ,   ,   ,   ,   ,  ,  ,00067621,01, , 395,     ,  ,I, , ,   ,  ,  ,    ,"
"43,860829,35,2,590,I ,014,  ,      ,   ,   ,   ,   ,TL,  ,TE,07, , ,061,0  ,   ,   ,   ,   ,   ,   ,  ,  ,00067622,01, , 347,     ,  ,I, , ,   ,  ,  ,    ,"
"43,860829,35,2,590,I ,014,  ,      ,   ,   ,   ,   ,TL,  ,TE,07, , ,061,0  ,   ,   ,   ,   ,   ,   ,  ,  ,00067622,02, , 336,     ,  ,I, , ,   ,  ,  ,    ,"
"44,860829,35,2,590,I ,014,  ,      ,   ,   ,   ,   ,TL,  ,TE,07, , ,046,0  ,   ,   ,   ,   ,   ,   ,  ,  ,00067623,01, , 434,     ,  ,I, , ,   ,  ,  ,    ,"
"44,860829,35,2,590,I ,014,  ,      ,   ,   ,   ,   ,TL,  ,TE,07, , ,046,0  ,   ,   ,   ,   ,   ,   ,  ,  ,00067623,02, , 445,     ,  ,I, , ,   ,  ,  ,    ,"
"46,860829,35,2,590,I ,014,  ,      ,   ,   ,   ,   ,TL,  ,TE,07, , ,008,0  ,   ,   ,   ,   ,   ,   ,  ,  ,00067624,01, , 445,     ,  ,I, , ,   ,  ,  ,    ,"
"46,860829,35,2,590,I ,014,  ,      ,   ,   ,   ,   ,TL,  ,TE,07, , ,008,0  ,   ,   ,   ,   ,   ,   ,  ,  ,00067624,02, , 414,     ,  ,I, , ,   ,  ,  ,    ,"
"45,860829,35,2,590,I ,014,  ,      ,   ,   ,   ,   ,TL,  ,TE,07, , ,079,0  ,   ,   ,   ,   ,   ,   ,  ,  ,00067625,01, , 430,     ,  ,I, , ,   ,  ,  ,    ,"
"45,860829,35,2,590,I ,014,  ,      ,   ,   ,   ,   ,TL,  ,TE,07, , ,079,0  ,   ,   ,   ,   ,   ,   ,  ,  ,00067625,02, , 409,     ,  ,I, , ,   ,  ,  ,    ,"
"45,860829,35,2,590,I ,014,  ,      ,   ,   ,   ,   ,TL,  ,TE,07, , ,079,0  ,   ,   ,   ,   ,   ,   ,  ,  ,00067625,03, , 386,     ,  ,I, , ,   ,  ,  ,    ,"
"45,860829,35,2,590,I ,014,  ,      ,   ,   ,   ,   ,TL,  ,TE,07, , ,079,0  ,   ,   ,   ,   ,   ,   ,  ,  ,00067625,04, , 381,     ,  ,I, , ,   ,  ,  ,    ,"
"47,860829,35,2,590,I ,014,  ,      ,   ,   ,   ,   ,TL,  ,TE,07, , ,050,0  ,   ,   ,   ,   ,   ,   ,  ,  ,00067626,01, , 560,     ,  ,I, , ,   ,  ,  ,    ,"
"47,860829,35,2,590,I ,014,  ,      ,   ,   ,   ,   ,TL,  ,TE,07, , ,050,0  ,   ,   ,   ,   ,   ,   ,  ,  ,00067626,02, , 592,     ,  ,I, , ,   ,  ,  ,    ,"
"47,860829,35,2,590,I ,014,  ,      ,   ,   ,   ,   ,TL,  ,TE,07, , ,050,0  ,   ,   ,   ,   ,   ,   ,  ,  ,00067626,03, , 408,     ,  ,I, , ,   ,  ,  ,    ,"
"48,860829,35,2,590,I ,014,  ,      ,   ,   ,   ,   ,TL,  ,TE,07, , ,004,0  ,   ,   ,   ,   ,   ,   ,  ,  ,00067627,01, , 404,     ,  ,I, , ,   ,  ,  ,    ,"
"48,860829,35,2,590,I ,014,  ,      ,   ,   ,   ,   ,TL,  ,TE,07, , ,004,0  ,   ,   ,   ,   ,   ,   ,  ,  ,00067627,02, , 397,     ,  ,I, , ,   ,  ,  ,    ,"
"61,860831,36,1,590,I ,014,  ,      ,   ,   ,   ,   ,TL,  ,TE,07, , ,009,0  ,   ,   ,   ,   ,   ,   ,  ,  ,00067628,01, , 616,     ,  ,I, , ,   ,  ,  ,    ,"
"04,860902,36,2,590,I ,014,  ,      ,   ,   ,   ,   ,TL,  ,TE,07, , ,099,0  ,   ,   ,   ,   ,   ,   ,  ,  ,00067629,01, , 444,     ,  ,I, , ,   ,  ,  ,    ,"
"04,860902,36,2,590,I ,014,  ,      ,   ,   ,   ,   ,TL,  ,TE,07, , ,099,0  ,   ,   ,   ,   ,   ,   ,  ,  ,00067629,02, , 460,     ,  ,I, , ,   ,  ,  ,    ,"
"04,860902,36,2,590,I ,014,  ,      ,   ,   ,   ,   ,TL,  ,TE,07, , ,099,0  ,   ,   ,   ,   ,   ,   ,  ,  ,00067629,03, , 405,     ,  ,I, , ,   ,  ,  ,    ,"
"03,860902,36,2,590,I ,014,  ,      ,   ,   ,   ,   ,TL,  ,TE,07, , ,050,0  ,   ,   ,   ,   ,   ,   ,  ,  ,00067630,01, , 435,     ,  ,I, , ,   ,  ,  ,    ,"
"02,860902,36,2,590,I ,014,  ,      ,   ,   ,   ,   ,TL,  ,TE,07, , ,019,0  ,   ,   ,   ,   ,   ,   ,  ,  ,00067631,01, , 363,     ,  ,I, , ,   ,  ,  ,    ,"
"49,860830,36,1,590,I ,014,  ,      ,   ,   ,   ,   ,TL,  ,TE,07, , ,104,0  ,   ,   ,   ,   ,   ,   ,  ,  ,00067632,01, , 408,     ,  ,I, , ,   ,  ,  ,    ,"
"49,860830,36,1,590,I ,014,  ,      ,   ,   ,   ,   ,TL,  ,TE,07, , ,104,0  ,   ,   ,   ,   ,   ,   ,  ,  ,00067632,02, , 353,     ,  ,I, , ,   ,  ,  ,    ,"
"49,860830,36,1,590,I ,014,  ,      ,   ,   ,   ,   ,TL,  ,TE,07, , ,104,0  ,   ,   ,   ,   ,   ,   ,  ,  ,00067632,03, , 350,     ,  ,I, , ,   ,  ,  ,    ,"
"49,860830,36,1,590,I ,014,  ,      ,   ,   ,   ,   ,TL,  ,TE,07, , ,104,0  ,   ,   ,   ,   ,   ,   ,  ,  ,00067632,04, , 311,     ,  ,I, , ,   ,  ,  ,    ,"
"34,860903,36,2,590,I ,014,  ,      ,   ,   ,   ,   ,TL,  ,TE,07, , ,076,0  ,   ,   ,   ,   ,   ,   ,  ,  ,00067633,01, , 443,     ,  ,I, , ,   ,  ,  ,    ,"
"51,860830,36,1,590,I ,014,  ,      ,   ,   ,   ,   ,TL,  ,TE,07, , ,026,0  ,   ,   ,   ,   ,   ,   ,  ,  ,00067634,01, , 564,     ,  ,I, , ,   ,  ,  ,    ,"
"33,860903,36,2,590,I ,014,  ,      ,   ,   ,   ,   ,TL,  ,TE,07, , ,015,0  ,   ,   ,   ,   ,   ,   ,  ,  ,00067635,01, , 386,     ,  ,I, , ,   ,  ,  ,    ,"
"52,860830,36,1,590,I ,014,  ,      ,   ,   ,   ,   ,TL,  ,TE,07, , ,039,0  ,   ,   ,   ,   ,   ,   ,  ,  ,00067636,01, , 320,     ,  ,I, , ,   ,  ,  ,    ,"
"53,860830,36,1,590,I ,014,  ,      ,   ,   ,   ,   ,TL,  ,TE,07, , ,028,0  ,   ,   ,   ,   ,   ,   ,  ,  ,00067637,01, , 287,     ,  ,I, , ,   ,  ,  ,    ,"
"54,860830,36,1,590,I ,014,  ,      ,   ,   ,   ,   ,TL,  ,TE,07, , ,011,0  ,   ,   ,   ,   ,   ,   ,  ,  ,00067638,01, , 319,     ,  ,I, , ,   ,  ,  ,    ,"
"54,860830,36,1,590,I ,014,  ,      ,   ,   ,   ,   ,TL,  ,TE,07, , ,011,0  ,   ,   ,   ,   ,   ,   ,  ,  ,00067638,02, , 296,     ,  ,I, , ,   ,  ,  ,    ,"
"35,860903,36,2,590,I ,014,  ,      ,   ,   ,   ,   ,TL,  ,TE,07, , ,067,0  ,   ,   ,   ,   ,   ,   ,  ,  ,00067639,01, , 300,     ,  ,I, , ,   ,  ,  ,    ,"
"55,860830,36,1,590,I ,014,  ,      ,   ,   ,   ,   ,TL,  ,TE,07, , ,033,0  ,   ,   ,   ,   ,   ,   ,  ,  ,00067640,01, , 429,     ,  ,I, , ,   ,  ,  ,    ,"
"55,860830,36,1,590,I ,014,  ,      ,   ,   ,   ,   ,TL,  ,TE,07, , ,033,0  ,   ,   ,   ,   ,   ,   ,  ,  ,00067640,02, , 370,     ,  ,I, , ,   ,  ,  ,    ,"
"55,860830,36,1,590,I ,014,  ,      ,   ,   ,   ,   ,TL,  ,TE,07, , ,033,0  ,   ,   ,   ,   ,   ,   ,  ,  ,00067640,03, , 380,     ,  ,I, , ,   ,  ,  ,    ,"
"50,860830,36,1,590,I ,014,  ,      ,   ,   ,   ,   ,TL,  ,TE,07, , ,013,0  ,   ,   ,   ,   ,   ,   ,  ,  ,00067641,01, , 459,     ,  ,I, , ,   ,  ,  ,    ,"
"56,860830,36,1,590,I ,014,  ,      ,   ,   ,   ,   ,TL,  ,TE,07, , ,059,0  ,   ,   ,   ,   ,   ,   ,  ,  ,00067642,01, , 321,     ,  ,I, , ,   ,  ,  ,    ,"
"56,860830,36,1,590,I ,014,  ,      ,   ,   ,   ,   ,TL,  ,TE,07, , ,059,0  ,   ,   ,   ,   ,   ,   ,  ,  ,00067642,02, , 294,     ,  ,I, , ,   ,  ,  ,    ,"
"57,860830,36,1,590,I ,014,  ,      ,   ,   ,   ,   ,TL,  ,TE,07, , ,041,0  ,   ,   ,   ,   ,   ,   ,  ,  ,00067643,01, , 275,     ,  ,I, , ,   ,  ,  ,    ,"
"58,860904,36,2,590,I ,014,  ,      ,   ,   ,   ,   ,TL,  ,TE,07, , ,075,0  ,   ,   ,   ,   ,   ,   ,  ,  ,00067644,01, , 462,     ,  ,I, , ,   ,  ,  ,    ,"
"58,860830,36,1,590,I ,014,  ,      ,   ,   ,   ,   ,TL,  ,TE,07, , ,012,0  ,   ,   ,   ,   ,   ,   ,  ,  ,00067645,01, , 442,     ,  ,I, , ,   ,  ,  ,    ,"
"32,860903,36,2,590,I ,014,  ,      ,   ,   ,   ,   ,TL,  ,TE,07, , ,077,0  ,   ,   ,   ,   ,   ,   ,  ,  ,00067646,01, , 289,     ,  ,I, , ,   ,  ,  ,    ,"
"59,860830,36,1,590,I ,014,  ,      ,   ,   ,   ,   ,TL,  ,TE,07, , ,036,0  ,   ,   ,   ,   ,   ,   ,  ,  ,00067647,01, , 487,     ,  ,I, , ,   ,  ,  ,    ,"
"60,860830,36,1,590,I ,014,  ,      ,   ,   ,   ,   ,TL,  ,TE,07, , ,083,0  ,   ,   ,   ,   ,   ,   ,  ,  ,00067648,01, , 367,     ,  ,I, , ,   ,  ,  ,    ,"
"31,860903,36,2,590,I ,014,  ,      ,   ,   ,   ,   ,TL,  ,TE,07, , ,060,0  ,   ,   ,   ,   ,   ,   ,  ,  ,00067649,01, , 467,     ,  ,I, , ,   ,  ,  ,    ,"
"30,860903,36,2,590,I ,014,  ,      ,   ,   ,   ,   ,TL,  ,TE,07, , ,028,0  ,   ,   ,   ,   ,   ,   ,  ,  ,00067651,01, , 472,     ,  ,I, , ,   ,  ,  ,    ,"
"30,860903,36,2,590,I ,014,  ,      ,   ,   ,   ,   ,TL,  ,TE,07, , ,028,0  ,   ,   ,   ,   ,   ,   ,  ,  ,00067651,02, , 439,     ,  ,I, , ,   ,  ,  ,    ,"
"01,860828,35,2,590,I ,014,  ,      ,   ,   ,   ,   ,TL,  ,TE,07, , ,041,0  ,   ,   ,   ,   ,   ,   ,  ,  ,00069258,01, , 335,     ,  ,I, , ,   ,  ,  ,    ,"
"15,860902,36,2,590,I ,014,  ,      ,   ,   ,   ,   ,TL,  ,TE,07, , ,016,0  ,   ,   ,   ,   ,   ,   ,  ,  ,00069259,01, , 332,     ,  ,I, , ,   ,  ,  ,    ,"
"16,860902,36,2,590,I ,014,  ,      ,   ,   ,   ,   ,TL,  ,TE,07, , ,008,0  ,   ,   ,   ,   ,   ,   ,  ,  ,00069260,01, , 377,     ,  ,I, , ,   ,  ,  ,    ,"
"05,860902,36,2,590,I ,014,  ,      ,   ,   ,   ,   ,TL,  ,TE,07, , ,075,0  ,   ,   ,   ,   ,   ,   ,  ,  ,00069261,01, , 339,     ,  ,I, , ,   ,  ,  ,    ,"
"06,860902,36,2,590,I ,014,  ,      ,   ,   ,   ,   ,TL,  ,TE,07, , ,065,0  ,   ,   ,   ,   ,   ,   ,  ,  ,00069262,01, , 355,     ,  ,I, , ,   ,  ,  ,    ,"
"07,860902,36,2,590,I ,014,  ,      ,   ,   ,   ,   ,TL,  ,TE,07, , ,063,0  ,   ,   ,   ,   ,   ,   ,  ,  ,00069263,01, , 398,     ,  ,I, , ,   ,  ,  ,    ,"
"64,860831,36,1,590,I ,014,  ,      ,   ,   ,   ,   ,TL,  ,TE,07, , ,054,0  ,   ,   ,   ,   ,   ,   ,  ,  ,00067596,01, , 526,     ,  ,I, , ,   ,  ,  ,    ,"
"64,860831,36,1,590,I ,014,  ,      ,   ,   ,   ,   ,TL,  ,TE,07, , ,054,0  ,   ,   ,   ,   ,   ,   ,  ,  ,00067596,02, , 470,     ,  ,I, , ,   ,  ,  ,    ,"
"64,860831,36,1,590,I ,014,  ,      ,   ,   ,   ,   ,TL,  ,TE,07, , ,054,0  ,   ,   ,   ,   ,   ,   ,  ,  ,00067596,03, , 396,     ,  ,I, , ,   ,  ,  ,    ,"
